Grid graph of dimension: [5, 5, 5]
k = 20, trials = 30


({8, 17, 50, 22, 31}, 1.0, 0.47507427384031198) ({39, 34, 5, 54, 111}, 1.0, 0.47507427384031198) ({28, 21}, 1.0, 0.47507427384031198) ({97, 59, 77}, 1.0, 0.47507427384031198) ({36, 70, 108, 13, 44, 49, 81, 118, 87, 91}, 1.0, 0.47507427384031198) ({1, 2, 11, 79, 51, 117, 55, 57, 123}, 1.0, 0.47507427384031198) ({4, 6, 20, 24, 121, 124}, 1.0, 0.47507427384031198) ({32, 99, 100, 35, 7, 42, 43, 18, 119, 122, 93}, 1.0, 0.47507427384031198) ({19}, 1.0, 0.47507427384031198) ({3, 60}, 1.0, 0.47507427384031198) ({64, 25, 104, 107, 95}, 1.0, 0.47507427384031198) ({96, 80, 66, 61, 103}, 1.0, 0.47507427384031198) ({72, 106, 110, 112, 27, 94}, 1.0, 0.47507427384031198) ({23, 48, 53, 86, 71}, 1.0, 0.47507427384031198) ({88, 9, 113, 101, 38}, 1.0, 0.47507427384031198) ({74, 98}, 1.0, 0.47507427384031198) ({65, 89, 10}, 1.0, 0.47507427384031198) ({0, 41, 68, 29, 12}, 1.0, 0.47507427384031198) ({37, 75, 47, 114, 56, 90, 58, 26, 62, 63}, 1.0, 0.47507427384031198) ({67, 102, 73, 15, 82, 115}, 1.0, 0.47507427384031198)

({120}, 1.0, 0.47507427384031198) ({9, 73, 11, 43, 84, 21, 54, 55, 29, 93, 95}, 1.0, 0.47507427384031198) ({112, 82, 92, 94}, 1.0, 0.47507427384031198) ({62, 99, 4, 71, 41, 10, 49, 51, 26, 90, 60, 30, 31}, 1.0, 0.47507427384031198) ({12}, 1.0, 0.47507427384031198) ({72, 118}, 1.0, 0.47507427384031198) ({66}, 1.0, 0.47507427384031198) ({97, 35, 105, 74, 75, 109, 47, 48, 17, 116, 91}, 1.0, 0.47507427384031198) ({45}, 1.0, 0.47507427384031198) ({32, 1, 69, 8, 107, 13, 80, 114, 50, 53, 56}, 1.0, 0.47507427384031198) ({119, 122, 42, 46, 7}, 1.0, 0.47507427384031198) ({64, 0, 106, 110, 86, 27}, 1.0, 0.47507427384031198) ({25, 2}, 1.0, 0.47507427384031198) ({65, 33, 67, 100, 70, 40, 15}, 1.0, 0.47507427384031198) ({96, 23, 18, 36, 39}, 1.0, 0.47507427384031198) ({124, 79}, 1.0, 0.47507427384031198) ({98, 34, 3, 108, 14, 113, 83, 123, 63}, 1.0, 0.47507427384031198) ({88, 102}, 1.0, 0.47507427384031198) ({37, 103, 52, 117, 89, 59, 28}, 1.0, 0.47507427384031198) ({22, 5, 85, 111}, 1.0, 0.47507427384031198)

({32, 96, 101, 73, 109, 77, 116, 88, 61}, 1.0, 0.47507427384031198) ({41, 107, 4, 36}, 1.0, 0.47507427384031198) ({113, 6, 87}, 1.0, 0.47507427384031198) ({99, 54}, 1.0, 0.47507427384031198) ({95, 67, 31}, 1.0, 0.47507427384031198) ({3, 108, 46, 112, 81, 118, 93, 62}, 1.0, 0.47507427384031198) ({69, 72, 48, 80, 84, 53, 59}, 1.0, 0.47507427384031198) ({68, 75, 111, 86, 56, 29}, 1.0, 0.47507427384031198) ({78}, 1.0, 0.47507427384031198) ({2, 105, 42, 47, 17, 18, 83, 58}, 1.0, 0.47507427384031198) ({64, 65, 38, 7, 8, 9, 70, 44}, 1.0, 0.47507427384031198) ({33, 1, 51, 27}, 1.0, 0.47507427384031198) ({100, 40, 22, 119, 24, 25, 90, 60}, 1.0, 0.47507427384031198) ({66, 74, 10, 110, 121, 94}, 1.0, 0.47507427384031198) ({26, 19, 35, 30}, 1.0, 0.47507427384031198) ({91, 76, 102}, 1.0, 0.47507427384031198) ({122, 98, 14}, 1.0, 0.47507427384031198) ({97, 37, 106, 43, 11, 13, 16, 82, 115, 117, 120, 57, 89, 124, 28}, 1.0, 0.47507427384031198) ({39, 92, 52, 45, 12}, 1.0, 0.47507427384031198)

({38, 71, 76, 14, 81, 91, 124, 60}, 1.0, 0.47507427384031198) ({112, 25, 4, 78}, 1.0, 0.47507427384031198) ({96, 65, 98, 70, 39, 102, 110, 62}, 1.0, 0.47507427384031198) ({6, 51, 52, 85, 54, 121, 26}, 1.0, 0.47507427384031198) ({66, 75, 28, 37, 31}, 1.0, 0.47507427384031198) ({0, 67, 7, 106, 44, 46, 111, 18}, 1.0, 0.47507427384031198) ({10, 19, 122, 45, 20}, 1.0, 0.47507427384031198) ({1, 36, 40, 12, 118, 58, 123}, 1.0, 0.47507427384031198) ({34, 3, 5, 8, 74, 11, 113, 116}, 1.0, 0.47507427384031198) ({32, 35}, 1.0, 0.47507427384031198) ({101, 79, 82, 117, 55, 88, 27}, 1.0, 0.47507427384031198) ({50}, 1.0, 0.47507427384031198) ({100, 109}, 1.0, 0.47507427384031198) ({42, 53}, 1.0, 0.47507427384031198) ({64, 95, 84, 63}, 1.0, 0.47507427384031198) ({16, 21}, 1.0, 0.47507427384031198) ({41, 33, 99, 61, 29}, 1.0, 0.47507427384031198) ({69, 105, 47, 48, 80, 120, 89}, 1.0, 0.47507427384031198) ({2, 104, 13, 49, 83, 23, 119, 57}, 1.0, 0.47507427384031198) ({73, 9, 115, 108, 77}, 1.0, 0.47507427384031198)

({82, 36}, 1.0, 0.47507427384031198) ({80, 61, 13, 37}, 1.0, 0.47507427384031198) ({120, 1, 50, 53}, 1.0, 0.47507427384031198) ({48, 26, 90, 69, 71}, 1.0, 0.47507427384031198) ({2, 72, 106, 108, 81, 83, 52, 118, 119, 92, 95}, 1.0, 0.47507427384031198) ({32, 14, 79, 85, 123, 60, 63}, 1.0, 0.47507427384031198) ({84}, 1.0, 0.47507427384031198) ({35, 100, 40, 47, 19, 55, 25, 58}, 1.0, 0.47507427384031198) ({64, 66, 68, 38, 70, 7, 18, 51, 27, 28, 93, 62}, 1.0, 0.47507427384031198) ({49, 41, 59, 103}, 1.0, 0.47507427384031198) ({8, 42, 43, 11, 17, 113, 87, 89}, 1.0, 0.47507427384031198) ({34, 39, 9, 73, 44, 46, 54}, 1.0, 0.47507427384031198) ({97, 65, 102, 105, 10, 76, 45, 15, 22, 122, 91}, 1.0, 0.47507427384031198) ({114, 77}, 1.0, 0.47507427384031198) ({4, 101}, 1.0, 0.47507427384031198) ({16, 57, 115, 75, 30}, 1.0, 0.47507427384031198) ({29}, 1.0, 0.47507427384031198) ({31}, 1.0, 0.47507427384031198) ({0, 3, 5, 109, 111, 116}, 1.0, 0.47507427384031198) ({96, 107, 67, 86, 23}, 1.0, 0.47507427384031198)

({1, 50, 114, 108, 68}, 1.0, 0.47507427384031198) ({96, 89, 26, 28, 47}, 1.0, 0.47507427384031198) ({5, 17, 20, 52, 122, 95}, 1.0, 0.47507427384031198) ({33, 62}, 1.0, 0.47507427384031198) ({121, 58, 75}, 1.0, 0.47507427384031198) ({64, 99, 3, 101, 107, 60, 93, 31}, 1.0, 0.47507427384031198) ({49, 21, 6}, 1.0, 0.47507427384031198) ({34, 2, 41, 9, 14, 83, 119, 24, 59, 30}, 1.0, 0.47507427384031198) ({40, 97, 100, 85}, 1.0, 0.47507427384031198) ({19, 61, 54, 103}, 1.0, 0.47507427384031198) ({104, 81, 76, 118, 87}, 1.0, 0.47507427384031198) ({65, 69, 7, 106, 44, 80, 120}, 1.0, 0.47507427384031198) ({67, 11, 13, 109, 48, 82, 116, 117, 86, 23, 55, 57, 92}, 1.0, 0.47507427384031198) ({35}, 1.0, 0.47507427384031198) ({16, 115}, 1.0, 0.47507427384031198) ({66, 70, 71, 102, 45, 110, 112, 53, 91, 94}, 1.0, 0.47507427384031198) ({0, 36, 10, 18, 22, 88}, 1.0, 0.47507427384031198) ({105, 90, 15}, 1.0, 0.47507427384031198) ({98, 46, 39}, 1.0, 0.47507427384031198) ({72, 42, 84, 27, 123, 63}, 1.0, 0.47507427384031198)

({43, 7}, 1.0, 0.47507427384031198) ({2, 71, 8, 50, 84, 53}, 1.0, 0.47507427384031198) ({32, 96, 70, 102, 9, 73, 79, 112, 54, 55, 27, 60}, 1.0, 0.47507427384031198) ({0, 91}, 1.0, 0.47507427384031198) ({24, 25, 99, 103}, 1.0, 0.47507427384031198) ({97, 66, 98, 5, 39, 74, 75, 109, 110, 16, 17, 116, 22, 121, 94}, 1.0, 0.47507427384031198) ({51, 36}, 1.0, 0.47507427384031198) ({101, 38, 105, 41, 15, 52, 92, 61, 31}, 1.0, 0.47507427384031198) ({34, 6, 11, 113, 85, 123, 63}, 1.0, 0.47507427384031198) ({56, 114}, 1.0, 0.47507427384031198) ({13, 47, 20, 120, 89, 26}, 1.0, 0.47507427384031198) ({48, 21, 93, 29, 87}, 1.0, 0.47507427384031198) ({23}, 1.0, 0.47507427384031198) ({18, 122, 46, 78}, 1.0, 0.47507427384031198) ({80, 1, 35}, 1.0, 0.47507427384031198) ({104, 3, 14}, 1.0, 0.47507427384031198) ({58, 107, 12, 118, 86}, 1.0, 0.47507427384031198) ({72, 67, 4, 45, 95}, 1.0, 0.47507427384031198) ({65, 100, 37, 40, 10, 44, 77, 111, 83, 117, 119, 57, 59, 30}, 1.0, 0.47507427384031198)

({80, 24, 50, 96, 39}, 1.0, 0.47507427384031198) ({3, 74, 12, 109, 21, 23, 122}, 1.0, 0.47507427384031198) ({88}, 1.0, 0.47507427384031198) ({99, 67, 45, 6, 94}, 1.0, 0.47507427384031198) ({2, 34, 70, 102, 73, 107, 78, 15, 55, 120, 95}, 1.0, 0.47507427384031198) ({48}, 1.0, 0.47507427384031198) ({104, 47}, 1.0, 0.47507427384031198) ({49}, 1.0, 0.47507427384031198) ({58, 37, 38, 79}, 1.0, 0.47507427384031198) ({72, 105, 117, 14, 63}, 1.0, 0.47507427384031198) ({33, 65, 10, 108, 77, 81, 83, 52, 85, 118, 84, 119, 89, 56, 59, 121}, 1.0, 0.47507427384031198) ({112, 90, 82, 61, 62}, 1.0, 0.47507427384031198) ({64, 0, 97, 5, 7, 8, 41, 43, 11, 111, 16, 113, 116, 22, 57, 25, 27, 124, 28, 30}, 1.0, 0.47507427384031198) ({115}, 1.0, 0.47507427384031198) ({1, 42, 51, 87, 26, 123}, 1.0, 0.47507427384031198) ({17, 66, 19, 44, 31}, 1.0, 0.47507427384031198) ({75}, 1.0, 0.47507427384031198) ({35, 68, 100, 40, 46, 20, 92}, 1.0, 0.47507427384031198) ({76, 93, 53, 69}, 1.0, 0.47507427384031198) ({18}, 1.0, 0.47507427384031198)

({99, 8, 17, 50, 116, 21, 22, 89, 122, 91}, 1.0, 0.47507427384031198) ({10, 13, 77, 82, 115, 54, 59}, 1.0, 0.47507427384031198) ({0, 2, 67, 98, 4, 39, 106, 107, 74, 80, 114, 83, 61}, 1.0, 0.47507427384031198) ({26, 44, 78, 87}, 1.0, 0.47507427384031198) ({16, 66, 37, 62}, 1.0, 0.47507427384031198) ({56, 24, 27, 124, 20}, 1.0, 0.47507427384031198) ({33, 68, 69, 100, 40, 41, 9, 46, 48, 29}, 1.0, 0.47507427384031198) ({35, 109, 101, 23}, 1.0, 0.47507427384031198) ({84}, 1.0, 0.47507427384031198) ({1, 102, 103, 104, 6, 47, 51, 85, 28}, 1.0, 0.47507427384031198) ({81, 42, 60, 38}, 1.0, 0.47507427384031198) ({111, 121, 31, 63}, 1.0, 0.47507427384031198) ({64, 3, 5, 70, 14, 49, 88}, 1.0, 0.47507427384031198) ({92, 55}, 1.0, 0.47507427384031198) ({86, 94, 18, 118, 110}, 1.0, 0.47507427384031198) ({36}, 1.0, 0.47507427384031198) ({25, 58, 93, 95}, 1.0, 0.47507427384031198) ({112, 119}, 1.0, 0.47507427384031198) ({71, 105, 11, 15, 53, 57}, 1.0, 0.47507427384031198) ({123, 12, 30, 79}, 1.0, 0.47507427384031198)

({119}, 1.0, 0.47507427384031198) ({1, 121, 61, 103}, 1.0, 0.47507427384031198) ({66, 67, 37, 45, 15}, 1.0, 0.47507427384031198) ({64, 81, 83}, 1.0, 0.47507427384031198) ({33, 36, 115, 86, 88, 28, 93}, 1.0, 0.47507427384031198) ({0, 110}, 1.0, 0.47507427384031198) ({4, 71, 48, 84, 85, 90, 59}, 1.0, 0.47507427384031198) ({32, 99, 35, 42, 11, 108, 43, 82, 114, 57, 26}, 1.0, 0.47507427384031198) ({95, 29, 21, 53}, 1.0, 0.47507427384031198) ({100}, 1.0, 0.47507427384031198) ({102, 76, 44, 113, 118, 55, 91}, 1.0, 0.47507427384031198) ({31, 63}, 1.0, 0.47507427384031198) ({34, 69, 40, 10, 14, 19, 117, 23, 89, 124}, 1.0, 0.47507427384031198) ({39, 8, 74, 12, 16, 49, 50, 22, 24, 94, 30}, 1.0, 0.47507427384031198) ({101, 38, 7, 41, 46, 111, 18, 116, 122, 60}, 1.0, 0.47507427384031198) ({73}, 1.0, 0.47507427384031198) ({80, 56, 51, 27, 20}, 1.0, 0.47507427384031198) ({65, 6, 104, 106, 75, 107, 78, 17, 120, 58}, 1.0, 0.47507427384031198) ({123, 79}, 1.0, 0.47507427384031198) ({96, 2, 77, 87}, 1.0, 0.47507427384031198)

({16, 57, 114, 75, 87}, 1.0, 0.47507427384031198) ({88, 81, 3, 108, 62}, 1.0, 0.47507427384031198) ({97, 51, 123, 79}, 1.0, 0.47507427384031198) ({42, 7}, 1.0, 0.47507427384031198) ({98}, 1.0, 0.47507427384031198) ({65, 69, 103, 72, 10, 46, 84, 89, 95}, 1.0, 0.47507427384031198) ({34, 38, 6, 107, 43, 113, 54, 120, 24, 58, 26, 124, 63}, 1.0, 0.47507427384031198) ({9}, 1.0, 0.47507427384031198) ({50, 61, 22}, 1.0, 0.47507427384031198) ({1, 100, 37, 40, 11, 44, 109, 19, 25, 59, 31}, 1.0, 0.47507427384031198) ({17, 74, 99, 122, 30}, 1.0, 0.47507427384031198) ({93}, 1.0, 0.47507427384031198) ({80, 49, 118}, 1.0, 0.47507427384031198) ({64, 4, 41, 110, 85, 86, 121, 27, 94}, 1.0, 0.47507427384031198) ({35, 70, 53, 21, 23, 55, 91, 60, 92}, 1.0, 0.47507427384031198) ({71, 2, 90, 76, 15}, 1.0, 0.47507427384031198) ({0, 104, 12, 78, 18, 29}, 1.0, 0.47507427384031198) ({32, 73, 101, 14, 77}, 1.0, 0.47507427384031198) ({96, 33, 66, 67, 36, 102, 39, 45, 13, 111, 83}, 0.9375, 0.44538213172529245)

({64, 63, 95, 3, 71, 9, 42, 43, 108, 13, 109, 11, 113, 84, 21, 57, 91, 31}, 1.0, 0.47507427384031198) ({86}, 1.0, 0.47507427384031198) ({33, 124}, 1.0, 0.47507427384031198) ({25, 107, 123, 78, 55}, 1.0, 0.47507427384031198) ({83, 4, 85, 6, 111}, 1.0, 0.47507427384031198) ({24}, 1.0, 0.47507427384031198) ({72, 41, 52}, 1.0, 0.47507427384031198) ({8, 96, 66, 50, 116}, 1.0, 0.47507427384031198) ({36, 68, 44, 46, 17, 18, 22, 90, 58, 60}, 1.0, 0.47507427384031198) ({1, 35, 69, 74, 49, 53, 23}, 1.0, 0.47507427384031198) ({76}, 1.0, 0.47507427384031198) ({97, 100, 37, 7, 40, 106, 110, 19, 51, 54, 27, 93}, 1.0, 0.47507427384031198) ({101, 39, 80, 82, 88, 92, 61, 62}, 1.0, 0.47507427384031198) ({34, 105, 10, 45, 15, 117, 120, 89}, 1.0, 0.47507427384031198) ({99, 29, 103}, 1.0, 0.47507427384031198) ({56, 114, 77}, 1.0, 0.47507427384031198) ({75, 28, 5, 47}, 1.0, 0.47507427384031198) ({98, 104, 14, 48, 81, 112, 122, 94}, 1.0, 0.47507427384031198) ({26, 118}, 1.0, 0.47507427384031198)

({82, 124}, 1.0, 0.47507427384031198) ({71, 76, 60, 118, 86}, 1.0, 0.47507427384031198) ({3, 101, 62, 31}, 1.0, 0.47507427384031198) ({7, 104, 8, 46, 47, 16, 78, 51, 120, 28}, 1.0, 0.47507427384031198) ({40, 74, 106, 108, 44, 17, 114}, 1.0, 0.47507427384031198) ({34, 2, 11}, 1.0, 0.47507427384031198) ({56, 58, 68}, 1.0, 0.47507427384031198) ({96, 33, 67, 105, 45, 112, 94}, 1.0, 0.47507427384031198) ({70, 10, 12, 13, 53, 22, 21, 24, 57, 23, 92, 61}, 1.0, 0.47507427384031198) ({32, 72, 79}, 1.0, 0.47507427384031198) ({6, 9, 43, 77, 48, 84, 90, 59, 91, 93}, 1.0, 0.47507427384031198) ({5, 38, 39, 107, 54, 119, 55, 25}, 1.0, 0.47507427384031198) ({0, 89, 26, 87}, 1.0, 0.47507427384031198) ({64, 97, 65, 100, 102, 42, 109, 110, 50, 115, 116, 88, 122}, 1.0, 0.47507427384031198) ({36}, 1.0, 0.47507427384031198) ({1, 98, 4, 80, 85, 29}, 1.0, 0.47507427384031198) ({123, 35, 19, 20, 75}, 1.0, 0.47507427384031198) ({121, 99, 52}, 1.0, 0.47507427384031198) ({66}, 1.0, 0.47507427384031198) ({37}, 1.0, 0.47507427384031198)

({19, 30, 103}, 1.0, 0.47507427384031198) ({6, 111, 80, 113, 85, 63}, 1.0, 0.47507427384031198) ({47}, 1.0, 0.47507427384031198) ({28, 95}, 1.0, 0.47507427384031198) ({72, 26, 67, 52, 20}, 1.0, 0.47507427384031198) ({32, 43, 68}, 1.0, 0.47507427384031198) ({48, 11, 62, 55}, 1.0, 0.47507427384031198) ({112, 98, 116, 110}, 1.0, 0.47507427384031198) ({18, 3}, 1.0, 0.47507427384031198) ({40}, 1.0, 0.47507427384031198) ({64, 70, 8, 82, 51, 21, 53, 23, 57, 92, 93}, 1.0, 0.47507427384031198) ({34, 2, 107, 83, 84, 119, 59}, 1.0, 0.47507427384031198) ({66, 74, 10, 109, 46, 16, 117, 120, 61}, 1.0, 0.47507427384031198) ({0, 1, 36, 108, 78, 22, 88}, 1.0, 0.47507427384031198) ({106, 118, 87}, 1.0, 0.47507427384031198) ({99, 100, 101, 35, 104, 76, 77, 50, 121, 122, 27, 91, 60}, 1.0, 0.47507427384031198) ({56, 17, 114, 75}, 1.0, 0.47507427384031198) ({65, 38, 39, 9, 41, 14, 86}, 1.0, 0.47507427384031198) ({24, 25, 58, 12, 37}, 1.0, 0.47507427384031198) ({96, 69, 73, 45, 15, 115, 54, 90}, 1.0, 0.47507427384031198)

({64, 96, 101, 76, 81, 118, 56, 121, 60}, 1.0, 0.47507427384031198) ({38, 9, 77, 82, 115, 88, 26, 29, 62, 61}, 1.0, 0.47507427384031198) ({104, 98, 34, 14, 39}, 1.0, 0.47507427384031198) ({21, 53, 23}, 1.0, 0.47507427384031198) ({100, 40, 109, 111, 83, 22, 119}, 1.0, 0.47507427384031198) ({57, 114, 108, 69}, 1.0, 0.47507427384031198) ({2, 36, 75, 107, 79, 58}, 1.0, 0.47507427384031198) ({32, 3}, 1.0, 0.47507427384031198) ({37, 12, 13, 47, 52, 117, 86, 55, 89, 123, 28, 93}, 1.0, 0.47507427384031198) ({44, 70}, 1.0, 0.47507427384031198) ({33, 66, 99, 4, 67, 72, 73, 105, 45, 20}, 1.0, 0.47507427384031198) ({11, 43, 15, 113, 18, 90, 63}, 1.0, 0.47507427384031198) ({80, 97, 91}, 1.0, 0.47507427384031198) ({1, 6, 48, 84, 85, 59, 30, 31}, 1.0, 0.47507427384031198) ({102, 7, 78, 19, 120, 25}, 1.0, 0.47507427384031198) ({65, 103, 10, 112, 24, 92, 94, 95}, 1.0, 0.47507427384031198) ({0, 122, 35, 5}, 1.0, 0.47507427384031198) ({16}, 1.0, 0.47507427384031198)

({2, 102, 7, 70, 75, 23, 24, 25, 58, 123, 28, 119, 95}, 1.0, 0.47507427384031198) ({68, 69, 71, 43, 21, 53}, 1.0, 0.47507427384031198) ({5}, 1.0, 0.47507427384031198) ({56, 98, 100, 14}, 1.0, 0.47507427384031198) ({67, 99, 72, 73, 20, 27}, 1.0, 0.47507427384031198) ({18, 60, 76}, 1.0, 0.47507427384031198) ({36, 40, 106, 44, 111, 85, 88, 124}, 1.0, 0.47507427384031198) ({4}, 1.0, 0.47507427384031198) ({115, 83}, 1.0, 0.47507427384031198) ({3, 42, 108, 17, 49, 81}, 1.0, 0.47507427384031198) ({66, 35, 101, 120, 93, 62}, 1.0, 0.47507427384031198) ({34, 39, 110, 16, 26, 63}, 1.0, 0.47507427384031198) ({96, 45, 15, 80, 117, 59, 92}, 1.0, 0.47507427384031198) ({48, 12, 29, 30, 86}, 1.0, 0.47507427384031198) ({112, 57, 46, 31}, 1.0, 0.47507427384031198) ({64, 97, 33, 52, 37}, 1.0, 0.47507427384031198) ({0, 8, 104, 74, 78, 79, 116, 118}, 1.0, 0.47507427384031198) ({32, 107, 54, 55, 87, 91}, 1.0, 0.47507427384031198) ({41, 50, 89, 38, 47}, 1.0, 0.47507427384031198) ({65, 109, 61, 103}, 1.0, 0.47507427384031198)

({97, 100}, 1.0, 0.47507427384031198) ({106, 52, 117, 102}, 1.0, 0.47507427384031198) ({65, 66, 10, 110, 15, 113, 94, 31}, 1.0, 0.47507427384031198) ({18, 82, 92}, 1.0, 0.47507427384031198) ({64, 96, 36, 38, 73, 42, 9, 46, 111, 20, 88}, 1.0, 0.47507427384031198) ({0, 120, 114, 104, 115}, 1.0, 0.47507427384031198) ({5}, 1.0, 0.47507427384031198) ({35}, 1.0, 0.47507427384031198) ({7, 79, 51, 12, 23}, 1.0, 0.47507427384031198) ({67, 70, 39, 105, 13, 45, 22, 87, 90, 26, 62}, 1.0, 0.47507427384031198) ({21}, 1.0, 0.47507427384031198) ({99, 71, 48, 81, 86, 30}, 1.0, 0.47507427384031198) ({72, 33, 63, 84, 95}, 1.0, 0.47507427384031198) ({1, 4, 41, 107, 50, 19, 24, 25}, 1.0, 0.47507427384031198) ({32, 112, 101}, 1.0, 0.47507427384031198) ({98, 103, 76, 78, 17, 118, 121, 122, 60}, 1.0, 0.47507427384031198) ({56, 8, 58, 3, 116}, 1.0, 0.47507427384031198) ({91, 77}, 1.0, 0.47507427384031198) ({2, 37, 40, 75, 108, 44, 83, 119, 59}, 1.0, 0.47507427384031198) ({69, 6, 11, 43, 109, 53}, 0.94444444444444442, 0.44868125862696129)

({40, 97, 5}, 1.0, 0.47507427384031198) ({113}, 1.0, 0.47507427384031198) ({124, 14}, 1.0, 0.47507427384031198) ({3}, 1.0, 0.47507427384031198) ({96, 1, 50, 59, 123}, 1.0, 0.47507427384031198) ({4, 101, 103, 15, 115, 54, 86, 89}, 1.0, 0.47507427384031198) ({108}, 1.0, 0.47507427384031198) ({0, 36, 37, 13, 20, 117, 118, 85, 55, 52, 28, 93, 92}, 1.0, 0.47507427384031198) ({98, 38, 8, 41, 10, 16, 17, 22, 25, 122, 94}, 1.0, 0.47507427384031198) ({34}, 1.0, 0.47507427384031198) ({32, 70, 7, 39, 111, 23}, 1.0, 0.47507427384031198) ({69, 71, 77, 81, 84, 87, 26, 91}, 1.0, 0.47507427384031198) ({33, 72, 45, 112, 19, 60}, 1.0, 0.47507427384031198) ({68, 73, 75, 47, 114, 56, 29, 95}, 1.0, 0.47507427384031198) ({18, 67, 42}, 1.0, 0.47507427384031198) ({6, 104, 106, 43, 11, 109, 78, 48, 82, 21, 53, 120}, 1.0, 0.47507427384031198) ({105, 74, 107, 116, 30}, 1.0, 0.47507427384031198) ({58, 63}, 1.0, 0.47507427384031198) ({102, 76, 46, 83, 119, 90}, 1.0, 0.47507427384031198) ({49, 51, 27, 61}, 1.0, 0.47507427384031198)

({57, 74, 35}, 1.0, 0.47507427384031198) ({23, 26, 34, 69, 39}, 1.0, 0.47507427384031198) ({2, 4, 101, 83, 89, 31}, 1.0, 0.47507427384031198) ({99, 68, 72, 48, 53, 93}, 1.0, 0.47507427384031198) ({96, 91, 109}, 1.0, 0.47507427384031198) ({81, 113, 85}, 1.0, 0.47507427384031198) ({42, 117}, 1.0, 0.47507427384031198) ({9, 11, 13, 79, 80, 82, 55, 88, 123, 59, 29, 63}, 1.0, 0.47507427384031198) ({66, 37, 107, 87, 120, 62}, 1.0, 0.47507427384031198) ({86, 67, 110, 15}, 1.0, 0.47507427384031198) ({121, 75, 28, 7}, 1.0, 0.47507427384031198) ({73, 115, 77, 45}, 1.0, 0.47507427384031198) ({32, 0, 104, 76, 114, 90, 124}, 1.0, 0.47507427384031198) ({24, 65, 98, 30, 14}, 1.0, 0.47507427384031198) ({3, 8, 111, 16, 49, 51}, 1.0, 0.47507427384031198) ({33}, 1.0, 0.47507427384031198) ({64, 70, 17, 21, 58, 95}, 1.0, 0.47507427384031198) ({106, 12, 52, 118, 25, 92}, 1.0, 0.47507427384031198) ({78, 112, 18, 122, 60, 61}, 1.0, 0.47507427384031198) ({1, 97, 36, 100, 40, 19, 116, 22, 119, 27}, 1.0, 0.47507427384031198)

({59, 83, 85, 119}, 1.0, 0.47507427384031198) ({96, 121, 45, 102}, 1.0, 0.47507427384031198) ({66, 4, 37, 109, 78, 120, 95}, 1.0, 0.47507427384031198) ({55, 80, 116, 54, 22}, 1.0, 0.47507427384031198) ({28, 110}, 1.0, 0.47507427384031198) ({7, 72, 42, 17, 18, 122}, 1.0, 0.47507427384031198) ({57, 41, 33}, 1.0, 0.47507427384031198) ({32, 70, 76, 47, 50, 21, 91}, 1.0, 0.47507427384031198) ({63, 26, 87}, 1.0, 0.47507427384031198) ({88, 48, 114, 75, 86}, 1.0, 0.47507427384031198) ({6, 10, 108, 81, 82, 52, 117}, 1.0, 0.47507427384031198) ({34, 68, 44, 46, 56, 58}, 1.0, 0.47507427384031198) ({98, 67, 39, 74, 112, 23}, 1.0, 0.47507427384031198) ({69, 62, 93}, 1.0, 0.47507427384031198) ({24, 84, 94, 71}, 1.0, 0.47507427384031198) ({89, 30}, 1.0, 0.47507427384031198) ({64, 2, 3, 8, 43, 49, 51, 53, 90, 27, 60}, 1.0, 0.47507427384031198) ({101, 38, 105, 111, 15, 61, 31}, 1.0, 0.47507427384031198) ({36, 104, 106, 11, 13, 79, 123, 124}, 1.0, 0.47507427384031198) ({40, 97, 100, 118, 103}, 1.0, 0.47507427384031198)

({83}, 1.0, 0.47507427384031198) ({35, 69, 105, 47, 53, 118, 124}, 1.0, 0.47507427384031198) ({100, 71, 13, 14, 80, 116, 60, 61}, 1.0, 0.47507427384031198) ({65, 68, 40, 10, 44, 46, 15, 89}, 1.0, 0.47507427384031198) ({1, 101, 79, 51, 84, 86, 27, 123}, 1.0, 0.47507427384031198) ({66, 67, 72, 42, 117, 57}, 1.0, 0.47507427384031198) ({81, 9, 59, 119}, 1.0, 0.47507427384031198) ({3, 8, 109, 49, 58, 95}, 1.0, 0.47507427384031198) ({99}, 1.0, 0.47507427384031198) ({33, 85}, 1.0, 0.47507427384031198) ({64, 62, 70, 39, 38, 110, 112, 114, 18, 88, 90, 26, 94, 31}, 1.0, 0.47507427384031198) ({98, 103, 106, 78, 16, 17, 122}, 1.0, 0.47507427384031198) ({97, 5, 104, 48, 55, 28, 29}, 1.0, 0.47507427384031198) ({73, 91, 108}, 1.0, 0.47507427384031198) ({96, 36, 7, 45, 111, 50, 20, 22, 56, 121}, 1.0, 0.47507427384031198) ({2, 4, 41, 107, 87, 24, 25, 30}, 1.0, 0.47507427384031198) ({32, 120, 75, 11}, 1.0, 0.47507427384031198) ({0, 43, 37, 93, 21}, 1.0, 0.47507427384031198)

({63, 1, 69, 72, 76, 49, 83, 51, 84, 90, 31}, 1.0, 0.47507427384031198) ({89}, 1.0, 0.47507427384031198) ({120, 32, 58, 102}, 1.0, 0.47507427384031198) ({56, 30}, 1.0, 0.47507427384031198) ({96, 118}, 1.0, 0.47507427384031198) ({35, 3, 101, 36, 11, 12, 46, 79, 18, 82, 88, 123, 92}, 1.0, 0.47507427384031198) ({17, 9, 20, 14, 38}, 1.0, 0.47507427384031198) ({0, 52, 117, 28}, 1.0, 0.47507427384031198) ({5}, 1.0, 0.47507427384031198) ({43, 124, 53, 13}, 1.0, 0.47507427384031198) ({64, 73, 110, 48, 81, 86, 55, 27}, 1.0, 0.47507427384031198) ({42}, 1.0, 0.47507427384031198) ({33, 66, 99, 2, 37, 6, 105, 45, 19, 119, 24, 57, 93}, 1.0, 0.47507427384031198) ({98, 7, 78, 111, 85, 121, 122, 29}, 1.0, 0.47507427384031198) ({34, 39, 8, 107, 16, 115, 59}, 1.0, 0.47507427384031198) ({10, 44, 77, 61, 70}, 1.0, 0.47507427384031198) ({97, 67, 100, 103, 40, 106, 74, 108, 109, 80, 116, 21, 23, 95}, 1.0, 0.47507427384031198) ({4}, 1.0, 0.47507427384031198) ({62}, 1.0, 0.47507427384031198) ({94, 60, 54, 71}, 1.0, 0.47507427384031198)

({2, 107, 118, 103}, 1.0, 0.47507427384031198) ({108}, 1.0, 0.47507427384031198) ({106, 98, 102, 110}, 1.0, 0.47507427384031198) ({32, 9, 77, 14, 79, 114, 57, 27}, 1.0, 0.47507427384031198) ({40, 105, 43, 13, 47, 53, 59, 124}, 1.0, 0.47507427384031198) ({72, 82, 11, 92}, 1.0, 0.47507427384031198) ({33, 100, 8, 41, 49, 52, 31}, 1.0, 0.47507427384031198) ({66, 45, 15, 86, 56, 121, 94}, 1.0, 0.47507427384031198) ({87}, 1.0, 0.47507427384031198) ({44, 76, 46, 63}, 1.0, 0.47507427384031198) ({70, 7, 112, 16, 80, 19, 54, 23, 24, 25, 26, 61}, 1.0, 0.47507427384031198) ({67, 10, 74, 81, 117, 89, 95}, 1.0, 0.47507427384031198) ({0, 5, 30, 111}, 1.0, 0.47507427384031198) ({104, 90, 83, 84}, 1.0, 0.47507427384031198) ({97, 39}, 1.0, 0.47507427384031198) ({64, 78, 58, 62, 38}, 1.0, 0.47507427384031198) ({101, 42, 17, 18, 119, 122, 93}, 1.0, 0.47507427384031198) ({37}, 1.0, 0.47507427384031198) ({35, 68, 6, 73, 48, 113, 120, 88, 91}, 1.0, 0.47507427384031198) ({1, 36, 69, 50, 20, 85, 22}, 1.0, 0.47507427384031198)

({120, 96, 36}, 1.0, 0.47507427384031198) ({56, 65, 114, 64, 87}, 1.0, 0.47507427384031198) ({11}, 1.0, 0.47507427384031198) ({112, 98, 31}, 1.0, 0.47507427384031198) ({97, 116, 15}, 1.0, 0.47507427384031198) ({3, 5, 7, 46, 111, 16, 88, 28}, 1.0, 0.47507427384031198) ({32, 1, 110, 50, 22, 27}, 1.0, 0.47507427384031198) ({48, 34, 124, 86, 14}, 1.0, 0.47507427384031198) ({0, 2, 4, 103, 74, 107, 12, 49, 25, 61, 30, 95}, 1.0, 0.47507427384031198) ({23, 10, 70, 63}, 1.0, 0.47507427384031198) ({73, 106, 108, 77, 51, 84, 93}, 1.0, 0.47507427384031198) ({72, 42, 75, 117, 57, 123}, 1.0, 0.47507427384031198) ({33, 69, 71, 40, 81, 20, 59, 60, 91, 94}, 1.0, 0.47507427384031198) ({38, 39, 18, 52, 55, 122, 92, 29}, 1.0, 0.47507427384031198) ({102, 76, 44, 90, 26, 62}, 1.0, 0.47507427384031198) ({104}, 1.0, 0.47507427384031198) ({83, 119}, 1.0, 0.47507427384031198) ({43, 35, 53, 21, 47}, 1.0, 0.47507427384031198) ({68, 13}, 1.0, 0.47507427384031198) ({100, 6, 17, 113, 19, 85, 54, 58}, 1.0, 0.47507427384031198)

({120, 66, 78}, 1.0, 0.47507427384031198) ({98, 4, 72, 17, 18, 117, 122, 30}, 1.0, 0.47507427384031198) ({26, 79}, 1.0, 0.47507427384031198) ({67, 101, 45, 109, 116, 55, 95}, 1.0, 0.47507427384031198) ({38, 107, 112, 86, 87, 25, 90, 62, 94}, 1.0, 0.47507427384031198) ({96, 65, 69, 70, 10, 108, 44, 119, 23, 89}, 1.0, 0.47507427384031198) ({99, 6, 73, 43, 29, 93}, 1.0, 0.47507427384031198) ({80, 28, 77, 103}, 1.0, 0.47507427384031198) ({8, 74}, 1.0, 0.47507427384031198) ({33, 37, 7, 49, 58, 31}, 1.0, 0.47507427384031198) ({97, 104, 12, 14, 19, 21, 24, 124}, 1.0, 0.47507427384031198) ({42, 75, 123, 27}, 1.0, 0.47507427384031198) ({64, 83, 76, 118}, 1.0, 0.47507427384031198) ({39}, 1.0, 0.47507427384031198) ({48, 91, 53, 71}, 1.0, 0.47507427384031198) ({56, 121, 50, 85, 22}, 1.0, 0.47507427384031198) ({0, 113, 106, 5, 110}, 1.0, 0.47507427384031198) ({105, 92, 52}, 1.0, 0.47507427384031198) ({100, 40, 41, 9, 11, 13, 82, 59, 60}, 1.0, 0.47507427384031198) ({32, 68, 36, 114, 88, 57}, 1.0, 0.47507427384031198)

({63, 36, 31}, 1.0, 0.47507427384031198) ({99, 100, 69, 8, 41, 50, 51, 115, 53, 54}, 1.0, 0.47507427384031198) ({102, 73, 76, 108, 44, 15, 91}, 1.0, 0.47507427384031198) ({97, 2, 3, 74, 42, 17, 83, 116, 117, 119, 122}, 1.0, 0.47507427384031198) ({84}, 1.0, 0.47507427384031198) ({0, 92, 23}, 1.0, 0.47507427384031198) ({35, 7}, 1.0, 0.47507427384031198) ({71}, 1.0, 0.47507427384031198) ({98}, 1.0, 0.47507427384031198) ({48, 1, 123}, 1.0, 0.47507427384031198) ({33, 105, 9, 77, 47, 81, 86, 89, 57}, 1.0, 0.47507427384031198) ({28}, 1.0, 0.47507427384031198) ({18, 4, 78, 6}, 1.0, 0.47507427384031198) ({40, 59, 37, 103}, 1.0, 0.47507427384031198) ({67, 101, 11, 107, 55, 62}, 1.0, 0.47507427384031198) ({65, 5, 10, 110, 46, 112, 111, 113, 85, 61}, 1.0, 0.47507427384031198) ({72, 13, 16, 114, 120, 26, 30, 95}, 1.0, 0.47507427384031198) ({64, 68, 43, 12, 49, 52, 21, 118, 58, 60, 29}, 1.0, 0.47507427384031198) ({96, 32, 34, 38, 70, 39, 14, 24, 27, 94}, 1.0, 0.47507427384031198) ({66, 93}, 1.0, 0.47507427384031198)

({33, 68, 37, 36, 20, 22, 59}, 1.0, 0.47507427384031198) ({5, 7, 104, 113, 83, 85, 28}, 1.0, 0.47507427384031198) ({0, 72, 106, 12, 44, 49, 118, 119, 26, 61}, 1.0, 0.47507427384031198) ({32, 35, 9, 73, 75, 42, 123}, 1.0, 0.47507427384031198) ({71, 40, 112, 19, 21, 90, 63}, 1.0, 0.47507427384031198) ({34, 4, 10, 14, 111, 16, 82, 117, 25, 89, 124, 92, 30}, 1.0, 0.47507427384031198) ({11, 43, 13, 70}, 1.0, 0.47507427384031198) ({99, 6, 103, 108, 77, 47, 84}, 1.0, 0.47507427384031198) ({96, 97, 98, 100, 39, 45, 121}, 1.0, 0.47507427384031198) ({116}, 1.0, 0.47507427384031198) ({24, 41, 56, 29}, 1.0, 0.47507427384031198) ({87, 66, 74, 62, 31}, 1.0, 0.47507427384031198) ({64, 81}, 1.0, 0.47507427384031198) ({91, 60, 79}, 1.0, 0.47507427384031198) ({8, 1, 50, 115, 51}, 1.0, 0.47507427384031198) ({17}, 1.0, 0.47507427384031198) ({88, 3, 110}, 1.0, 0.47507427384031198) ({65, 53, 95}, 1.0, 0.47507427384031198) ({120, 80, 93}, 1.0, 0.47507427384031198) ({67, 69, 76, 46, 18, 23, 122}, 1.0, 0.47507427384031198)

({64, 99, 74, 43, 82, 117}, 1.0, 0.47507427384031198) ({107, 60, 76, 79}, 1.0, 0.47507427384031198) ({26, 87}, 1.0, 0.47507427384031198) ({104, 49, 68, 21}, 1.0, 0.47507427384031198) ({8, 80, 59, 71}, 1.0, 0.47507427384031198) ({25, 121, 52, 78}, 1.0, 0.47507427384031198) ({101, 38, 7, 88, 91, 61}, 1.0, 0.47507427384031198) ({6, 106, 44, 108, 47, 81, 85, 89}, 1.0, 0.47507427384031198) ({28, 54}, 1.0, 0.47507427384031198) ({23, 27, 53, 110, 94}, 1.0, 0.47507427384031198) ({66, 67, 36, 37, 2, 42, 75, 12, 45, 17, 18, 83, 119, 56, 24, 58}, 1.0, 0.47507427384031198) ({97, 100, 69, 40, 73, 9, 77, 115, 124}, 1.0, 0.47507427384031198) ({41, 10, 14, 16, 57, 122, 30}, 1.0, 0.47507427384031198) ({111}, 1.0, 0.47507427384031198) ({51, 3}, 1.0, 0.47507427384031198) ({48, 34, 123, 84, 63}, 1.0, 0.47507427384031198) ({13, 70}, 1.0, 0.47507427384031198) ({31, 65, 98, 35, 102, 39, 105, 109, 46, 112, 19, 90, 62, 95}, 1.0, 0.47507427384031198) ({114, 15}, 1.0, 0.47507427384031198) ({116, 103}, 1.0, 0.47507427384031198)

({70, 13, 81, 53, 91, 93}, 1.0, 0.47507427384031198) ({56, 33, 41, 30, 111}, 1.0, 0.47507427384031198) ({86, 94, 31}, 1.0, 0.47507427384031198) ({109, 15}, 1.0, 0.47507427384031198) ({0, 97, 96, 99, 100, 69, 74, 116, 52, 23, 28}, 1.0, 0.47507427384031198) ({9, 34, 102}, 1.0, 0.47507427384031198) ({98, 104, 14, 50, 51, 85, 124}, 1.0, 0.47507427384031198) ({1, 36, 4}, 1.0, 0.47507427384031198) ({88, 61, 101}, 1.0, 0.47507427384031198) ({112, 119, 90, 92, 71}, 1.0, 0.47507427384031198) ({57, 11}, 1.0, 0.47507427384031198) ({67, 103, 72, 16, 80, 114, 48, 20, 26, 29, 95}, 1.0, 0.47507427384031198) ({65, 35, 7, 40, 105, 73, 10, 108, 44, 46, 47, 115, 84, 120, 89}, 1.0, 0.47507427384031198) ({25, 43, 37, 54, 63}, 1.0, 0.47507427384031198) ({121, 106, 45, 118}, 1.0, 0.47507427384031198) ({19}, 1.0, 0.47507427384031198) ({8, 58, 22}, 1.0, 0.47507427384031198) ({2, 38, 42, 75, 107, 18, 87, 24, 123}, 1.0, 0.47507427384031198) ({64, 5, 113, 49, 55, 122, 27, 60}, 1.0, 0.47507427384031198) ({110}, 1.0, 0.47507427384031198)

({37, 110}, 1.0, 0.47507427384031198) ({23, 35, 67, 101, 79}, 1.0, 0.47507427384031198) ({45, 22}, 1.0, 0.47507427384031198) ({57}, 1.0, 0.47507427384031198) ({99, 4, 76, 80, 120, 93}, 1.0, 0.47507427384031198) ({64, 0, 103, 74, 43, 12, 112, 49, 82, 27, 61}, 1.0, 0.47507427384031198) ({100, 70, 40, 105, 44, 116, 21, 91, 60}, 1.0, 0.47507427384031198) ({10, 115}, 1.0, 0.47507427384031198) ({72, 73, 19, 52, 20, 54, 55, 24, 124}, 1.0, 0.47507427384031198) ({69, 6, 77, 114, 84, 85, 90, 63}, 1.0, 0.47507427384031198) ({88, 29, 47}, 1.0, 0.47507427384031198) ({48, 81, 50, 86, 87, 26}, 1.0, 0.47507427384031198) ({96, 97, 104, 51, 28}, 1.0, 0.47507427384031198) ({98, 36, 42, 106, 108, 109, 78, 18, 117, 89, 122, 92}, 1.0, 0.47507427384031198) ({7, 38, 111}, 1.0, 0.47507427384031198) ({2, 107}, 1.0, 0.47507427384031198) ({32, 65, 3, 102, 15, 113, 83, 62, 95}, 1.0, 0.47507427384031198) ({30}, 1.0, 0.47507427384031198) ({34, 39, 9, 41, 13, 25, 123, 59, 94, 31}, 1.0, 0.47507427384031198)

