Noisy hypercube of dimension 8 with noise parameter 0.5
k = 20, trials = 30


({197, 87}, 0.9974558753378916, 0.56532448373238786) ({104, 233, 66, 165}, 0.99409700063816209, 0.56342078638346693) ({80, 122, 251, 102}, 0.99361532322426183, 0.56314778780571384) ({184, 177, 48, 223}, 0.99160335865653737, 0.56200747387438188) ({228, 169, 202, 106, 237, 90, 123}, 0.98565879892440988, 0.55863829710709589) ({5, 103, 200, 107, 17, 149, 152, 29}, 0.98480426688135247, 0.55815397705042114) ({2, 227, 35, 67, 8, 175, 211, 116, 53, 63}, 0.98198081829043826, 0.55655374123401191) ({98, 207, 212, 180, 20, 246, 252, 92}, 0.98059822150363785, 0.55577013181926638) ({32, 193, 38, 7, 14, 83, 183, 57, 187, 219, 189, 255}, 0.97858897858897864, 0.55463136042946648) ({203, 11, 174, 47, 143, 18, 51, 178, 114, 243, 120, 191}, 0.97412951513179302, 0.55210388634365493) ({131, 198, 168, 137, 138, 171, 204, 145, 179, 185}, 0.97295976543410978, 0.55144091150908914) ({225, 162, 101, 134, 133, 105, 140, 242, 115, 50, 182, 118, 59, 93, 157}, 0.97202204323866048, 0.55090944206855152) ({96, 33, 34, 36, 40, 172, 108, 238, 45, 113, 210, 127}, 0.96938851326250097, 0.54941684574326366) ({226, 195, 130, 232, 136, 74, 170, 235, 139, 112, 49, 82, 181, 88, 27, 188}, 0.96748308649683223, 0.54833691385933281) ({160, 192, 65, 201, 77, 111, 240, 209, 85, 55, 56, 249, 26, 89, 28, 125}, 0.96618159458905517, 0.54759927196555302) ({224, 64, 161, 159, 196, 222, 164, 128, 176, 215, 216, 154, 250, 60, 156, 190, 221}, 0.96046901822343345, 0.54436157557764719) ({163, 39, 135, 78, 208, 81, 241, 147, 244, 117, 54, 23, 24, 150, 58, 86, 213, 253, 30}, 0.96021213252206816, 0.54421598139138472) ({229, 230, 199, 236, 205, 206, 239, 173, 214, 247, 220, 254}, 0.95853980839114639, 0.54326816425047475) ({0, 129, 3, 132, 6, 10, 12, 15, 146, 25, 155, 37, 41, 44, 61, 194, 68, 71, 75, 218, 95, 100, 234, 119, 121, 126}, 0.94681725901369718, 0.53662421704570351) ({1, 4, 13, 16, 19, 148, 21, 22, 52, 69, 70, 73, 76, 79, 84, 94, 99, 231, 109, 110, 245, 124}, 0.94544376358964222, 0.53584576597763034)

({240, 250, 4, 190}, 0.99353499880277751, 0.56310226262186414) ({163, 71, 231, 75, 44, 140, 112, 27}, 0.98909732243065573, 0.56058713672399785) ({130, 13, 205, 144, 54, 23, 119}, 0.98877305533279869, 0.56040335302567101) ({199, 227, 189, 165, 175}, 0.98714859437751001, 0.55948266312489636) ({160, 172, 206, 214, 118, 184, 223}, 0.98635768585930506, 0.5590344027448747) ({192, 226, 69, 37, 232, 235, 173, 93}, 0.98449768471914634, 0.55798021657955121) ({193, 1, 14, 241, 244, 213, 89, 123, 29, 125, 63}, 0.97742686954470392, 0.55397271606058873) ({129, 103, 104, 200, 168, 138, 17, 211, 247, 151, 152, 252, 158}, 0.97609024247042508, 0.55321516073469168) ({225, 3, 99, 197, 101, 105, 106, 77, 78, 148, 90, 28}, 0.97543536549034482, 0.55284399846092525) ({32, 97, 35, 228, 8, 41, 238, 111, 246, 56, 92, 126}, 0.97488009104950812, 0.55252928756056652) ({198, 169, 201, 237, 176, 179, 115, 181, 117, 55, 87, 127}, 0.97451883979398213, 0.55232454248403995) ({132, 166, 45, 18, 83, 243, 178, 147, 150, 210}, 0.973879078851005, 0.55196194747232752) ({221, 161, 68, 72, 202, 209, 50, 49, 52, 21, 215, 219, 61, 222, 159}, 0.97128405938978624, 0.55049117761326782) ({33, 66, 65, 133, 137, 43, 110, 143, 80, 48, 51, 212, 53, 180, 155, 157}, 0.97032855990936273, 0.54994963260477914) ({98, 196, 70, 230, 170, 139, 10, 142, 15, 248, 88, 154, 30, 95}, 0.96948258148874566, 0.54947016045397135) ({64, 135, 12, 108, 208, 81, 116, 20, 25, 121, 251, 60, 91, 59, 217}, 0.96825396825396826, 0.54877382374391692) ({0, 96, 34, 94, 36, 40, 9, 136, 242, 218, 122, 124, 253, 220, 254}, 0.96654027296668232, 0.54780255882131434) ({194, 2, 131, 39, 74, 203, 16, 113, 82, 19, 84, 245, 22, 183, 249, 26}, 0.96537577945520181, 0.54714256301652298) ({128, 224, 162, 100, 164, 234, 236, 109, 174, 239, 177, 149, 120, 57, 24, 216, 156, 153}, 0.96166514181152796, 0.54503949824734987) ({67, 38, 7, 73, 42, 171, 204, 107, 11, 79, 47, 141, 114, 182, 185, 186, 188, 62}, 0.96074283673525451, 0.54451676671207128)

({171}, 1.0, 0.56676640812896339) ({146}, 1.0, 0.56676640812896339) ({114, 123, 141, 158, 111}, 0.99294019933554822, 0.56276515026426555) ({161, 135, 216, 89, 219, 221}, 0.98693160516308709, 0.55935968092723509) ({193, 45, 51, 57, 27, 29}, 0.9856277149139272, 0.55862067973412444) ({99, 231, 106, 235, 148, 213, 120, 157}, 0.98519233864477707, 0.55837392308987355) ({137, 140, 173, 205, 109, 246}, 0.98448405454740684, 0.55797249145607219) ({96, 72, 201, 232, 240, 50, 82, 218}, 0.98039215686274506, 0.55565334130290522) ({197, 71, 77, 212, 245, 92, 252}, 0.98031559734768847, 0.55560994994154855) ({4, 69, 7, 76, 13, 238, 175, 21, 87, 250, 28}, 0.97365889752127266, 0.55183715609093809) ({224, 3, 100, 5, 103, 200, 104, 138, 75, 168, 149, 118, 152, 124, 189}, 0.97297091848923833, 0.55144723268608398) ({101, 165, 169, 105, 108, 237, 174, 176, 49, 81, 242, 244, 186, 90}, 0.97252939122337334, 0.55119698986351873) ({97, 98, 35, 38, 202, 107, 78, 207, 208, 55, 25, 122, 59, 217, 62, 31}, 0.96754649008791416, 0.54837284888491278) ({128, 162, 196, 133, 134, 167, 40, 9, 164, 48, 53, 182, 60}, 0.96752616927204704, 0.54836133172909352) ({32, 2, 37, 8, 42, 11, 44, 14, 177, 178, 183, 184, 249, 153, 187}, 0.96470755656752527, 0.54676383673064499) ({129, 66, 65, 199, 80, 113, 17, 83, 18, 85, 210, 247, 56, 209, 188, 253, 127}, 0.96005549734156093, 0.54412720583274199) ({230, 233, 234, 203, 236, 110, 206, 16, 239, 52, 84, 22, 214, 220, 254, 223}, 0.95872255653843375, 0.5433717397615051) ({0, 10, 12, 142, 15, 145, 155, 34, 36, 166, 170, 172, 46, 179, 181, 91, 94, 229, 241, 115, 117, 121, 251}, 0.95428159365422749, 0.5408547511789894) ({1, 131, 132, 136, 144, 19, 160, 41, 180, 54, 63, 192, 67, 68, 211, 86, 227, 228, 102, 116, 119, 125, 126}, 0.9528015078098484, 0.54001588824124824) ({130, 6, 143, 147, 20, 150, 23, 30, 33, 163, 185, 61, 191, 64, 195, 70, 73, 74, 79, 215, 88, 222, 225, 226, 112, 243}, 0.94930810596009507, 0.53803594542271238)

({19}, 1.0, 0.56676640812896339) ({224}, 1.0, 0.56676640812896339) ({209, 26, 147, 74, 253}, 0.99258620138689169, 0.56256451611842051) ({166, 198, 39}, 0.99232859197698575, 0.5624185117584678) ({232, 225, 163, 101}, 0.99039231385108084, 0.56132109435991007) ({207, 187, 204, 141, 135}, 0.98753894080996885, 0.55970389837034695) ({234, 206, 143, 110, 174, 95}, 0.98235325765319848, 0.55676482735388932) ({193, 36, 6, 200, 12, 111, 20, 23, 185, 218, 60, 30}, 0.97709758537706515, 0.55378608885564229) ({99, 4, 168, 138, 44, 140, 176, 113, 216, 153, 90, 120}, 0.97687626774847869, 0.55366065345823279) ({226, 67, 228, 102, 8, 41, 73, 203, 119, 56, 188, 126, 63}, 0.9765888375577475, 0.55349774768144422) ({1, 7, 107, 171, 11, 14, 47, 210, 250, 123}, 0.97572941711612193, 0.55301065704467145) ({192, 160, 0, 3, 132, 195, 130, 9, 75, 241, 24, 89, 157, 254}, 0.97092426786047381, 0.55028725986052418) ({64, 97, 129, 32, 98, 197, 165, 104, 42, 112, 50, 27, 29, 125}, 0.96962693187654669, 0.54955197340477735) ({194, 2, 68, 5, 134, 71, 38, 108, 77, 208, 82, 148, 214, 92}, 0.96593331927555581, 0.54745855785789388) ({128, 33, 196, 40, 169, 105, 43, 235, 45, 237, 57, 249, 252}, 0.96353106308721437, 0.54609703974662205) ({100, 144, 18, 178, 212, 149, 246, 117, 86, 54, 180, 150, 222}, 0.96179812283879462, 0.54511486742652304) ({69, 37, 81, 145, 146, 52, 84, 21, 151, 88, 152, 25, 155, 217, 22, 158, 255}, 0.9586511090168951, 0.54333124570635294) ({131, 13, 28, 31, 34, 175, 48, 177, 51, 183, 189, 62, 66, 76, 79, 80, 93, 94, 227, 109, 240, 114, 245, 124}, 0.95244029075804781, 0.53981116255024419) ({10, 139, 15, 17, 162, 35, 164, 179, 53, 182, 186, 59, 202, 211, 87, 91, 220, 223, 96, 238, 242, 115, 116, 247, 248, 121, 251}, 0.94529943124790905, 0.5357639632547293) ({133, 136, 137, 142, 16, 154, 156, 159, 161, 167, 170, 172, 173, 184, 190, 65, 70, 205, 83, 85, 219, 229, 230, 233, 239, 243, 118, 122}, 0.94296286538853036, 0.53443967621525257)

({73, 130}, 0.99936518013013809, 0.56640661355151278) ({121, 223}, 0.99872955375575667, 0.56604636187439261) ({215, 91, 68, 173, 183}, 0.99412909607223765, 0.56343897699735523) ({144, 24, 20}, 0.98974523313571539, 0.56095435074709288) ({245, 156, 180, 189, 190}, 0.98244085084406574, 0.55681447223205371) ({96, 164, 102, 232, 235, 139, 175, 153, 159}, 0.98231675603938373, 0.55674413946533663) ({162, 134, 50, 146, 242, 22, 122, 251}, 0.97704226494686464, 0.55375473509412143) ({129, 197, 41, 236, 44, 206, 174, 211, 182, 119, 214, 218, 126}, 0.97628206729448208, 0.55332388060121251) ({5, 230, 141, 209, 17, 177, 113, 149, 53}, 0.97548161120840626, 0.55287020898044237) ({0, 192, 226, 163, 132, 228, 195, 231, 160, 77, 217, 158, 191}, 0.9730884398060563, 0.55151383982069546) ({128, 167, 168, 200, 74, 8, 238, 148, 181, 85, 88, 185, 152, 125}, 0.9717873450750163, 0.55077642303334839) ({127, 229, 198, 170, 11, 108, 140, 47, 178, 115, 116, 147, 55, 187, 253, 157, 31}, 0.96958306495803737, 0.54952711110893815) ({224, 97, 37, 135, 233, 204, 207, 208, 241, 81, 51, 243, 114, 58, 123, 92}, 0.9682434160061365, 0.54876784308431559) ({33, 225, 201, 106, 169, 105, 237, 45, 111, 176, 25, 186, 155, 188}, 0.96789205369253073, 0.54856870272788139) ({95, 63, 100, 69, 70, 103, 10, 76, 109, 112, 179, 84, 27, 29, 255}, 0.9677472167648985, 0.54848661402264287) ({193, 1, 131, 161, 133, 137, 202, 13, 79, 145, 83, 21, 28, 93, 124, 94}, 0.96179812283879462, 0.54511486742652304) ({64, 67, 196, 166, 199, 205, 46, 18, 244, 213, 86, 247, 23, 54, 154, 150, 220, 30}, 0.95979982402111752, 0.54398229878325988) ({65, 34, 3, 99, 6, 39, 72, 9, 40, 75, 12, 43, 71, 15, 16, 82, 61}, 0.9544252924019393, 0.54093619480208266) ({184, 120, 252, 138, 14, 240, 48, 212, 117, 246, 87, 216, 89, 249, 57, 60, 221, 222, 250}, 0.9528775217649732, 0.5400589703975619) ({98, 227, 36, 101, 35, 165, 234, 171, 172, 107, 110, 239, 42, 210, 118, 248, 56, 59, 219, 62, 254}, 0.9521604938271605, 0.53965258304871977)

({160, 180, 175}, 0.99489877251713699, 0.56387520375145228) ({24, 153, 159}, 0.99232859197698575, 0.5624185117584678) ({199, 103, 230, 55}, 0.98844858013797532, 0.56021945138497409) ({36, 166, 108, 45, 241, 247}, 0.988232147633057, 0.5600967847115591) ({173, 109, 239, 184, 94, 127}, 0.98660594695954995, 0.55917510879693866) ({99, 70, 137, 143, 210, 243, 155, 31}, 0.98519233864477707, 0.55837392308987355) ({168, 200, 138, 8}, 0.98453857303913672, 0.55800339070580651) ({71, 204, 16, 50, 19, 82, 146}, 0.98219680372667939, 0.5566761545239185) ({96, 128, 2, 35, 196, 164, 113, 148, 59}, 0.98138507934228481, 0.55621609641018444) ({162, 194, 234, 12, 236, 144, 177, 149, 215, 26, 218}, 0.980268478085072, 0.55558324432632167) ({229, 102, 170, 139, 238, 142, 240, 78, 178, 187}, 0.97881506915875738, 0.5547595009696118) ({145, 248, 121, 25, 88, 217, 157}, 0.97662717091381268, 0.55351947373997279) ({0, 68, 136, 41, 233, 110, 48, 116, 85, 245, 119, 220, 254}, 0.97592393613033812, 0.55312090388767154) ({98, 131, 133, 105, 76, 140, 17, 179, 53, 89, 122, 57, 29}, 0.97585995776742096, 0.55308464310072303) ({67, 228, 101, 165, 169, 107, 13, 242, 211, 115, 213, 214, 87, 154, 251, 93, 223}, 0.96514602944726047, 0.54701234842975455) ({224, 193, 38, 7, 42, 11, 171, 14, 47, 174, 18, 83, 114, 182, 86, 186, 125, 62}, 0.96095216296635388, 0.54463540578819858) ({58, 65, 66, 189, 90, 134, 72, 202, 10, 75, 118, 22, 250, 27, 219, 252, 222, 190}, 0.95853980839114639, 0.54326816425047475) ({6, 20, 150, 23, 30, 33, 40, 46, 176, 181, 54, 185, 60, 191, 73, 74, 203, 205, 79, 91, 232, 253}, 0.95756145585173935, 0.54271366689583123) ({64, 1, 37, 69, 206, 49, 81, 84, 21, 52, 117, 120, 249, 216, 123, 92, 221, 156, 61}, 0.95331667423898225, 0.54030786726787705) ({129, 130, 3, 132, 5, 135, 9, 141, 15, 152, 158, 32, 163, 43, 44, 56, 188, 63, 192, 195, 197, 201, 77, 207, 95, 97, 226, 225, 100, 231, 104, 235, 237, 111, 112, 246, 126, 255}, 0.91940285044199888, 0.52108665116854214)

({184, 205, 214}, 0.99830535402213627, 0.56580593971503934) ({203, 171, 12, 156}, 0.99361532322426183, 0.56314778780571384) ({160, 65, 206, 239, 143, 212, 180, 89, 155}, 0.98635251245958455, 0.55903147063569725) ({34, 226, 140, 14, 238, 151, 152, 57, 123, 125, 158}, 0.98188517490935245, 0.55649953377845263) ({0, 162, 227, 66, 133, 131, 10, 43, 75, 124}, 0.97879852934030875, 0.55475012675611857) ({38, 182, 186, 188, 62, 254}, 0.97795428756686664, 0.55427163887859232) ({1, 71, 72, 231, 173, 145, 81, 21, 215, 119, 61}, 0.97711015736766804, 0.55379321423759931) ({3, 197, 106, 204, 109, 174, 49, 146, 52, 216, 90, 252, 221, 222}, 0.97579597141000651, 0.55304837778276195) ({192, 129, 132, 68, 41, 234, 42, 44, 80, 144, 116, 86}, 0.97493564557648016, 0.5525607740002737) ({67, 229, 6, 102, 166, 74, 111, 211, 117, 213, 26, 218, 28, 220}, 0.97485628012310555, 0.55251579232733505) ({96, 7, 73, 79, 17, 113, 53, 121, 91, 93}, 0.97362852026697055, 0.55181993928362849) ({201, 9, 141, 110, 242, 82, 149, 118, 87, 153, 122, 94, 127}, 0.97203235718316927, 0.55091528766583442) ({130, 195, 135, 139, 147, 150, 154, 219}, 0.97027600849256901, 0.54991984822704087) ({224, 18, 51, 114, 83, 54, 183, 210, 178, 187}, 0.97020873485120696, 0.54988171978696432) ({225, 194, 99, 196, 134, 230, 200, 138, 236, 209, 177, 243, 25, 249, 126}, 0.96914239623299614, 0.54927735487847185) ({64, 128, 2, 4, 164, 8, 11, 16, 176, 244, 148, 31}, 0.96711307695458082, 0.54812720488009747) ({97, 193, 36, 233, 107, 48, 208, 241, 24, 217, 58, 251, 27, 253, 29, 60}, 0.9652908837285632, 0.5470944469704706) ({33, 101, 232, 40, 169, 235, 108, 77, 237, 105, 120, 223}, 0.9649228411951406, 0.54688585282576396) ({32, 161, 98, 35, 37, 198, 168, 202, 78, 207, 179, 20, 181, 115, 247, 55, 185, 59, 92, 157, 191}, 0.95853980839114639, 0.54326816425047475) ({136, 142, 15, 30, 159, 165, 39, 170, 172, 45, 46, 175, 56, 189, 190, 63, 69, 70, 199, 76, 84, 88, 104, 245, 255}, 0.94442361008799536, 0.53526757724176177)

({224}, 1.0, 0.56676640812896339) ({200, 168, 138, 51, 109}, 0.99187745834799013, 0.56216282437197584) ({173, 229, 253}, 0.98974523313571539, 0.56095435074709288) ({132, 70, 104, 206, 88, 218, 255}, 0.98779900465564296, 0.55985129382204391) ({107, 17, 210, 212, 20, 150, 122}, 0.98626455658405499, 0.5589816202000496) ({35, 8, 137, 42, 41, 142, 85}, 0.98514566901975209, 0.5583474723141294) ({162, 131, 39, 234, 53, 86, 183, 23}, 0.98249011538771891, 0.55684239372050814) ({38, 47, 209, 177, 55, 25, 91, 59, 61}, 0.97846945939620877, 0.55456362096587775) ({66, 68, 102, 71, 78, 175, 15}, 0.97833283177851338, 0.5544861850217454) ({36, 101, 135, 176, 147, 244, 89, 153, 219, 154, 159}, 0.97792416405087168, 0.55425456588163169) ({64, 128, 2, 127, 163, 105, 74, 108, 26, 60, 94, 31}, 0.97643082735617936, 0.55340819280705367) ({33, 100, 6, 9, 43, 237, 141, 45, 112, 248, 186, 155, 124}, 0.97574477656702985, 0.55301936226549342) ({160, 130, 103, 235, 143, 18, 178, 152, 217, 123, 220, 157, 158}, 0.97574477656702985, 0.55301936226549342) ({99, 164, 69, 40, 106, 145, 81, 52, 117, 84, 181, 21, 93}, 0.9694474130885774, 0.54945022818612843) ({161, 226, 166, 198, 170, 202, 204, 238, 207, 87, 216, 250, 222}, 0.96447386706757798, 0.5466313893721424) ({32, 4, 139, 236, 75, 140, 44, 208, 148, 118, 247, 22, 214, 90, 27, 188, 28, 62}, 0.96388336041776979, 0.5462967100392544) ({97, 1, 227, 67, 193, 233, 73, 11, 205, 14, 79, 13, 241, 213, 57, 58, 223}, 0.95938913807498882, 0.54374953578470353) ({136, 12, 144, 156, 37, 169, 172, 180, 184, 187, 194, 72, 77, 83, 95, 98, 230, 110, 111, 243, 119, 249, 254}, 0.95725924168230614, 0.54254238205653593) ({0, 96, 134, 7, 232, 167, 174, 80, 113, 240, 48, 114, 116, 182, 151, 24, 120, 92, 191}, 0.95722530270453776, 0.54252314658401057) ({129, 3, 5, 10, 16, 146, 149, 30, 165, 171, 46, 50, 179, 56, 185, 190, 65, 197, 82, 211, 225, 228, 239, 242, 115, 245, 121, 251, 252, 126}, 0.94149841070868967, 0.5336096724964916)

({203}, 1.0, 0.56676640812896339) ({131}, 1.0, 0.56676640812896339) ({115, 237}, 0.99936518013013809, 0.56640661355151278) ({176, 162}, 0.99489877251713699, 0.56387520375145228) ({119, 1, 23}, 0.9944713199723566, 0.56363293800800152) ({96, 148, 181, 214, 151, 247, 126}, 0.98430488113593995, 0.55787094198522291) ({67, 134, 199, 103, 17, 24, 57, 92, 60}, 0.98330138139859891, 0.55730219204353171) ({129, 132, 49, 50, 19, 56, 59}, 0.9816958277254374, 0.55639221815513573) ({6, 39, 169, 139, 43, 15, 81, 242, 153, 218}, 0.98133022170361728, 0.55618500494335843) ({65, 33, 68, 197, 5, 171, 146, 116, 152, 155, 251, 191}, 0.97828552908766808, 0.55445937544556012) ({29, 226, 167, 40, 9, 204, 12, 179, 185, 252, 125, 221, 95}, 0.97574477656702985, 0.55301936226549342) ({3, 195, 71, 138, 74, 173, 209, 82, 246, 215, 26, 122, 127}, 0.97451456310679607, 0.55232211860140479) ({97, 34, 163, 228, 166, 135, 200, 8, 104, 233, 44, 177, 241, 211, 149, 54, 87, 58}, 0.9668168783285539, 0.54795932944873149) ({224, 128, 66, 164, 102, 198, 168, 141, 78, 111, 238, 113, 114, 51, 45, 207, 175, 159}, 0.96368467670504876, 0.54618410278504181) ({161, 4, 229, 100, 234, 76, 205, 13, 239, 112, 236, 110, 109, 183, 184, 187, 124}, 0.96183834568259963, 0.54513766438323119) ({193, 98, 35, 196, 230, 38, 105, 42, 77, 174, 208, 18, 20, 213, 248, 217, 220, 253, 157, 223}, 0.961336342520139, 0.54485314585397404) ({64, 2, 11, 47, 79, 178, 243, 147, 210, 150, 216, 250, 219, 156, 154, 222, 31}, 0.95984356652789504, 0.54400709056670871) ({0, 192, 133, 69, 37, 72, 201, 202, 75, 140, 235, 232, 48, 80, 240, 144, 117, 55, 61, 93}, 0.95859141436664852, 0.54329741278384813) ({137, 10, 142, 16, 145, 25, 36, 165, 41, 170, 172, 46, 180, 53, 189, 190, 73, 85, 88, 101, 231, 245, 121, 255}, 0.95068234771996007, 0.5388148194888519) ({130, 7, 136, 14, 21, 22, 28, 158, 160, 52, 182, 186, 188, 62, 70, 206, 83, 84, 94, 244, 118, 123, 254}, 0.94547583207894292, 0.53586394132012538)

({97, 132, 100}, 0.9944713199723566, 0.56363293800800152) ({232, 113, 105, 24, 20}, 0.99103856617058728, 0.56168736846578171) ({66, 102, 73, 202, 248, 28}, 0.99103856617058728, 0.56168736846578171) ({204, 238, 240, 245, 22, 55, 151, 250}, 0.98580447983271002, 0.5587208641522261) ({224, 5, 198, 108, 78, 176, 241, 247, 251}, 0.98472025907570093, 0.55810636424815718) ({226, 4, 167, 140, 173, 148, 181}, 0.98397753171113511, 0.55768541132752314) ({192, 96, 160, 228, 199, 206, 218, 223}, 0.98068062404009382, 0.55581683480887423) ({128, 71, 231, 75, 237, 111, 208, 145, 49, 81}, 0.98023549201009252, 0.55556454892708729) ({161, 34, 229, 103, 233, 10, 109, 117, 246, 185}, 0.97960835086583586, 0.55520910639336707) ({1, 35, 133, 7, 205, 80, 17, 210, 213, 220}, 0.97727457055264477, 0.55388639810789764) ({162, 164, 168, 209, 50, 179, 115, 85, 149, 56, 59, 222, 159}, 0.97550153115430283, 0.5528814989366283) ({2, 67, 42, 171, 11, 74, 14, 79, 186}, 0.9717314487632509, 0.55074474288150155) ({65, 129, 68, 101, 197, 135, 8, 201, 165, 44, 177, 153}, 0.97066826295167608, 0.55014216487790157) ({138, 106, 211, 54, 120, 89, 58, 90, 60, 92, 252, 126}, 0.96873211024180139, 0.54904481856093668) ({70, 139, 110, 16, 112, 242, 82, 52, 84, 118, 182, 214, 221, 29}, 0.9677472167648985, 0.54848661402264287) ({32, 98, 37, 134, 38, 200, 137, 41, 13, 47, 178, 116, 180, 152, 121, 25, 217, 157, 158}, 0.96256235277816271, 0.54554800728424335) ({61, 254, 6, 230, 72, 12, 236, 174, 239, 144, 114, 244, 150, 86, 188, 253, 62, 191}, 0.95949464573859466, 0.54380933398423548) ({127, 33, 3, 163, 166, 40, 9, 170, 169, 43, 48, 183, 87, 57, 184, 187, 93, 31}, 0.95697007572972581, 0.54237849250823877) ({131, 136, 141, 142, 146, 19, 21, 26, 39, 172, 45, 46, 175, 189, 193, 194, 69, 203, 91, 94, 227, 234, 122, 124}, 0.95413452766028028, 0.54077139911384209) ({64, 225, 255, 123, 196, 95, 235, 143, 18, 147, 51, 83, 243, 215, 23, 119, 219, 27, 125, 30, 63}, 0.94685978810728266, 0.53664832110731597)

({140}, 1.0, 0.56676640812896339) ({48, 146}, 0.9974558753378916, 0.56532448373238786) ({234, 178, 218, 54}, 0.99168399168399168, 0.56205317396572874) ({38, 217, 243, 230, 70}, 0.99100627320445522, 0.56166906589735921) ({64, 35, 42, 45, 141, 248, 220, 254}, 0.98794117056923292, 0.55993186868624767) ({19, 20, 115, 91, 87}, 0.98506165287659764, 0.55829985478644895) ({39, 183, 58, 51, 119}, 0.98401495375294079, 0.55770662088374223) ({101, 166, 8, 74, 205, 239, 79, 82, 247, 154}, 0.98345801625177354, 0.55739096741665339) ({129, 225, 228, 197, 232, 149, 156}, 0.98172715317352288, 0.55640997236683021) ({3, 236, 44, 109, 206, 242, 211, 214, 151, 223}, 0.98015301748540185, 0.55551780513696625) ({194, 131, 2, 69, 164, 162, 67, 174, 153}, 0.98001186346233349, 0.55543780377831875) ({192, 160, 13, 240, 180, 245, 249, 252}, 0.97956706453570708, 0.55518570668833511) ({94, 5, 9, 77, 14, 17, 22, 57, 89, 221, 29, 158}, 0.96780354706684857, 0.54851854014554791) ({124, 227, 199, 104, 76, 172, 142, 175, 88, 56, 122, 28, 189, 190, 63}, 0.96669835130617199, 0.54789215231398991) ({32, 159, 167, 237, 176, 50, 179, 85, 182, 23, 185, 186, 219, 27, 125, 30, 95}, 0.96388558613423037, 0.54629797150057824) ({224, 98, 163, 196, 100, 195, 135, 71, 75, 139, 110, 207, 208, 177, 147, 118, 184, 187}, 0.96260477700893066, 0.54557205191313329) ({128, 96, 66, 133, 7, 72, 106, 202, 78, 80, 113, 18, 148, 53, 86, 116, 90, 93, 157}, 0.95882945992455981, 0.54343232900967653) ({137, 138, 143, 150, 152, 26, 155, 31, 168, 55, 59, 65, 198, 209, 210, 212, 215, 222, 103, 238, 246, 127}, 0.95367695313383971, 0.54051206124304008) ({1, 132, 11, 24, 36, 41, 171, 47, 60, 191, 193, 68, 73, 203, 204, 81, 216, 92, 97, 102, 233, 107, 108, 241, 114, 120, 251, 126}, 0.94177166628702957, 0.53376454457912847) ({0, 130, 6, 136, 10, 12, 15, 21, 34, 37, 40, 170, 43, 46, 49, 52, 181, 188, 201, 83, 84, 213, 226, 99, 229, 105, 235, 111, 244, 117, 123, 253}, 0.93451626531474441, 0.52965242703053106)

({148}, 1.0, 0.56676640812896339) ({30}, 1.0, 0.56676640812896339) ({5, 136, 12, 141, 182, 214, 123}, 0.98863402002795664, 0.56032455248534263) ({36, 133, 74, 45, 88, 122, 60}, 0.98656716417910451, 0.55915312801976835) ({163, 4, 109, 173, 208, 120, 250, 58, 126}, 0.98537379083448062, 0.55847676409567903) ({96, 226, 34, 106, 46, 146}, 0.98300983923866869, 0.55713695574072997) ({198, 231, 174, 176, 81, 242, 179, 186, 251}, 0.98006686318211234, 0.55546897577194598) ({33, 162, 202, 107, 79, 216, 153, 154, 90, 62, 127}, 0.97927796665047762, 0.55502185571832596) ({0, 160, 130, 3, 98, 10, 75, 115, 180, 121, 157}, 0.9788571680972924, 0.55478336123379135) ({200, 137, 76, 205, 140, 48, 53, 152, 217, 63}, 0.97692607256441877, 0.55368888115487058) ({193, 161, 97, 229, 233, 204, 241, 24, 27, 92, 29}, 0.97502401536983674, 0.55261085903064155) ({95, 132, 41, 171, 13, 206, 239, 47, 49, 143, 83, 191}, 0.97400431227370732, 0.55203292556949024) ({69, 230, 134, 103, 37, 170, 139, 38, 167, 142, 82, 87, 184}, 0.97177444646553346, 0.550769112534782) ({101, 166, 102, 165, 73, 203, 11, 113, 210, 51, 114, 119, 56, 25, 28, 93, 220}, 0.96980094768509173, 0.54965059971954411) ({192, 129, 254, 6, 169, 234, 201, 236, 44, 50, 211, 52, 117, 218, 124, 253, 61, 188}, 0.96470566770965416, 0.54676276618945396) ({64, 224, 128, 164, 71, 168, 39, 135, 147, 150, 183, 23, 215, 26, 91, 159}, 0.96423914494286267, 0.54649835675660918) ({225, 194, 99, 197, 43, 240, 209, 16, 243, 149, 246, 245, 249, 156, 221, 190, 222}, 0.96223035513729138, 0.54535984217381939) ({65, 66, 227, 68, 72, 9, 105, 77, 80, 17, 85, 55, 151, 89, 247, 158, 223}, 0.96153659836264105, 0.54496664413853568) ({131, 100, 228, 7, 232, 172, 14, 110, 112, 145, 19, 212, 21, 22, 118, 219, 155, 252, 94, 255}, 0.96128500823723229, 0.54482405130683709) ({1, 2, 8, 144, 20, 32, 35, 42, 175, 177, 178, 59, 187, 196, 78, 207, 86, 235, 108, 237, 238, 111, 116}, 0.95527603074772882, 0.5414183647185834)

({169}, 1.0, 0.56676640812896339) ({177, 38}, 0.99936518013013809, 0.56640661355151278) ({65, 71, 137, 50, 19, 122}, 0.99017671240190064, 0.56119889870097073) ({33, 5, 6, 113, 149, 216, 186}, 0.9896989813437107, 0.56092813678506881) ({102, 106, 93, 78, 87}, 0.98792898648431726, 0.55992496315620366) ({66, 35, 130, 132, 202, 241, 90, 27}, 0.98519233864477707, 0.55837392308987355) ({224, 97, 100, 175, 112, 178, 117, 187}, 0.98199725518688952, 0.55656305711477438) ({225, 195, 70, 232, 201, 74, 146, 179, 82, 249, 221}, 0.97720066657818283, 0.55384451181774541) ({135, 233, 170, 139, 16, 52, 148, 214, 184, 154, 28, 61}, 0.97643334505803725, 0.55340961975589242) ({98, 196, 69, 133, 76, 205, 110, 147, 118, 219, 220, 124}, 0.97460222806494456, 0.55237180415485343) ({163, 14, 84, 22, 88, 218, 91, 26, 94, 31}, 0.97172026877160933, 0.55073840643779592) ({34, 99, 39, 199, 45, 142, 15, 176, 111, 46, 152, 56, 63}, 0.97057345959659391, 0.55008843352086301) ({0, 3, 134, 9, 10, 235, 140, 75, 43, 48, 51, 151, 58, 158}, 0.96871202916160393, 0.54903343727924181) ({255, 231, 73, 145, 243, 245, 215, 119, 121, 25, 185, 217, 222, 30}, 0.96658705628921981, 0.54782907403698922) ({1, 194, 131, 67, 138, 171, 11, 203, 206, 49, 54, 123, 156, 125, 155, 95}, 0.96623456473843317, 0.54762929366685409) ({226, 37, 7, 204, 238, 240, 114, 116, 181, 246, 120, 92, 252, 126}, 0.96600599756348982, 0.54749974947009528) ({161, 227, 103, 167, 108, 77, 207, 80, 17, 210, 83, 18, 20, 85, 55, 248, 89, 247, 29}, 0.96215790066448925, 0.54531877741251644) ({192, 228, 197, 166, 198, 104, 165, 44, 13, 109, 144, 81, 242, 115, 212, 53, 211, 183, 180, 189}, 0.95874620161183777, 0.54338514099482826) ({32, 128, 162, 164, 229, 230, 200, 8, 42, 234, 236, 107, 173, 239, 168, 209, 150, 23, 59, 190, 159}, 0.95588710758530415, 0.54176470254290676) ({136, 12, 141, 24, 153, 36, 40, 174, 47, 182, 57, 188, 62, 191, 193, 68, 72, 79, 96, 244, 251, 253, 254}, 0.95289980648701733, 0.54007160062943105)

({127}, 1.0, 0.56676640812896339) ({51}, 1.0, 0.56676640812896339) ({161, 179, 239}, 0.99489877251713699, 0.56387520375145228) ({158, 14, 55}, 0.99489877251713699, 0.56387520375145228) ({198, 210, 115, 181, 117, 191}, 0.98952935520059837, 0.56083199838521225) ({225, 162, 194, 169, 174, 177, 91}, 0.98677655593562752, 0.55927180423350464) ({40, 105, 82, 150, 60, 92, 156}, 0.98656716417910451, 0.55915312801976835) ({130, 6, 202, 235, 10, 45, 46, 213, 253}, 0.9834106666188932, 0.55736413123529949) ({0, 192, 129, 80, 17, 144, 87, 247, 251, 223}, 0.97692607256441877, 0.55368888115487058) ({15, 111, 119, 248, 56, 218, 186, 188, 125, 63}, 0.97685966506555888, 0.55365124361526896) ({224, 233, 236, 141, 243, 21, 22, 25, 26, 124, 28, 62, 31}, 0.97334569184713859, 0.55165964163600356) ({32, 197, 231, 104, 71, 75, 77, 207, 112, 208, 16, 52, 219, 95}, 0.9707802807704865, 0.55020565281471523) ({193, 131, 227, 68, 102, 39, 72, 234, 175, 48, 211, 54, 183, 120, 24, 57, 189}, 0.96994945126756227, 0.54973476656157527) ({100, 69, 201, 138, 43, 204, 237, 209, 146, 212, 245, 246, 216, 249, 221, 255}, 0.96366456756007113, 0.54617270559717224) ({64, 97, 98, 35, 2, 67, 1, 42, 11, 47, 241, 49, 81, 244}, 0.96173706435183548, 0.54508026152718347) ({160, 34, 228, 199, 73, 137, 203, 172, 13, 205, 143, 145, 19, 180, 151, 217, 155, 93, 157}, 0.95648045714683927, 0.54210099314266291) ({164, 229, 37, 167, 103, 41, 44, 173, 109, 78, 240, 18, 116, 20, 86, 121, 59, 61, 126, 30}, 0.95605669249619185, 0.54186081757372351) ({128, 4, 134, 8, 140, 149, 152, 33, 165, 168, 171, 176, 53, 58, 66, 196, 200, 90, 222, 106, 250, 252}, 0.95440257498435865, 0.5409233193329186) ({133, 136, 50, 182, 185, 70, 74, 76, 206, 79, 83, 84, 214, 88, 220, 94, 101, 232, 110, 113, 118, 122, 254}, 0.94960052731842648, 0.53820168002563407) ({3, 5, 135, 139, 147, 23, 153, 154, 27, 159, 163, 166, 170, 178, 184, 187, 190, 65, 195, 85, 89, 238}, 0.94561210140245522, 0.53594117419515064)

({175}, 1.0, 0.56676640812896339) ({122, 215}, 0.99936518013013809, 0.56640661355151278) ({204, 21, 87}, 0.99575258826652513, 0.56435911783693693) ({170, 45, 46, 118}, 0.99232859197698575, 0.5624185117584678) ({194, 162, 43, 236, 146, 211}, 0.988232147633057, 0.5600967847115591) ({192, 226, 37, 201, 139, 238, 207, 240, 26}, 0.98417500581801254, 0.55779733301777656) ({4, 164, 134, 168, 109, 176, 114, 52, 148}, 0.97846945939620877, 0.55456362096587775) ({163, 197, 135, 73, 74, 107, 141, 177, 149, 183, 126, 159}, 0.97537986511741281, 0.55281254271390878) ({127, 213, 117, 55, 124, 93, 62, 31}, 0.97454663739123359, 0.55234029722838873) ({69, 40, 169, 105, 232, 237, 143, 115, 212, 249, 252, 92, 222}, 0.97262506110477431, 0.55125121233856644) ({64, 97, 98, 130, 7, 103, 8, 76, 13, 205, 178, 147, 54, 250, 154, 190}, 0.97067526477970734, 0.55014613327882522) ({198, 202, 14, 48, 53, 120, 24, 58, 187, 90, 27, 219, 57}, 0.96898074189612449, 0.54918573463060461) ({225, 195, 3, 5, 101, 71, 75, 112, 50, 85, 23, 56, 125, 95}, 0.9685433172076936, 0.54893781701111566) ({0, 63, 131, 100, 230, 199, 171, 203, 179, 245, 151, 186, 155, 189, 221, 29}, 0.96805343862843585, 0.54866017028833047) ({65, 229, 9, 138, 140, 80, 113, 209, 17, 181, 247, 89, 123, 220, 188, 158}, 0.96747251847454507, 0.54833092425930008) ({129, 136, 41, 10, 173, 174, 239, 47, 243, 182, 185, 121, 253, 61, 191}, 0.96463955334172646, 0.5467252947866178) ({160, 33, 96, 34, 228, 165, 36, 39, 166, 84, 214, 22, 28, 94, 223}, 0.96432208679654385, 0.54654536541310361) ({128, 161, 66, 133, 167, 137, 78, 210, 83, 180, 20, 150, 86, 248, 152, 25, 59, 18, 157}, 0.96226578539315133, 0.54537992285267223) ({38, 235, 108, 12, 142, 111, 15, 145, 208, 81, 116, 82, 119, 88, 217, 218, 91, 60, 30, 255}, 0.96077995071739974, 0.54453780167042309) ({1, 2, 132, 6, 11, 19, 153, 32, 35, 42, 49, 184, 193, 67, 68, 72, 77, 216, 224, 227, 102, 234, 241, 242, 244, 254}, 0.94708107726201263, 0.53677374036670011)

({153, 178, 229}, 0.99830535402213627, 0.56580593971503934) ({216, 210, 131}, 0.9944713199723566, 0.56363293800800152) ({5, 74, 171, 138, 206, 247, 29}, 0.98918993197902116, 0.56063962470508344) ({160, 129, 130, 163, 200, 104, 41, 61, 95}, 0.9825904543335604, 0.55689926246443822) ({70, 199, 170, 203, 172, 142, 58, 190}, 0.9818739655242017, 0.55649318067549336) ({195, 36, 71, 108, 45, 17, 209, 113, 85, 221}, 0.97901350519804387, 0.55487196785084147) ({0, 6, 169, 9, 43, 175, 144, 54, 57, 218, 63}, 0.97762283119831361, 0.55408378054313601) ({69, 38, 231, 174, 47, 208, 81, 19, 211, 120, 217, 186, 155}, 0.97672937915881197, 0.55357740193987226) ({228, 198, 202, 112, 145, 50, 242, 115, 179, 23, 27, 30}, 0.97650257700580334, 0.55344885809825561) ({233, 107, 239, 241, 20, 150, 118, 24, 251, 60, 253, 127}, 0.97460222806494456, 0.55237180415485343) ({64, 97, 2, 67, 4, 166, 14, 16, 84, 117, 87, 184, 187}, 0.97439907906755585, 0.55225666612728841) ({98, 35, 37, 167, 103, 49, 248, 152, 25, 59, 185, 56}, 0.97065425900983637, 0.55013422791408539) ({100, 201, 42, 234, 236, 110, 212, 26, 122, 28, 124, 254, 94}, 0.96705775604592259, 0.54809585084740287) ({65, 66, 68, 197, 165, 8, 75, 140, 237, 77, 143, 180, 151, 89, 92, 125}, 0.96608623463939081, 0.5475452251494024) ({101, 102, 106, 13, 205, 116, 213, 214, 86, 154, 90, 220, 157, 126, 223}, 0.96562472657275356, 0.54728365788015187) ({224, 161, 194, 193, 196, 162, 230, 134, 128, 48, 177, 51, 53, 183, 215, 189}, 0.95997855625889195, 0.54408359821168018) ({191, 1, 62, 132, 7, 40, 136, 11, 204, 141, 12, 207, 114, 243, 244, 21, 22, 55, 158, 31}, 0.95964821094143171, 0.54389636958266097) ({192, 96, 226, 164, 133, 232, 105, 139, 235, 238, 15, 176, 111, 148, 52, 182, 119, 181, 123, 188, 159}, 0.95788404930187165, 0.54289650202684858) ({3, 10, 149, 156, 33, 34, 39, 46, 76, 79, 82, 88, 91, 93, 222, 225, 99, 109, 240, 245, 246, 121, 252}, 0.95676414517463404, 0.54226177798720532)

({145}, 1.0, 0.56676640812896339) ({137, 20, 86}, 0.99607239530810465, 0.56454037372518739) ({8, 210, 195, 14}, 0.99361532322426183, 0.56314778780571384) ({216, 209, 242, 140}, 0.99313318428617059, 0.56287452765155277) ({48, 218, 213, 37, 229}, 0.99294019933554822, 0.56276515026426555) ({128, 161, 66, 36, 101, 45, 142, 83}, 0.98641588296760707, 0.55906738691091051) ({227, 134, 199, 41, 233, 214, 55, 151, 220}, 0.9826269363166954, 0.55691993922698102) ({138, 206, 174, 80, 114, 249, 123, 158, 191}, 0.98242625302609166, 0.55680619867919412) ({129, 5, 200, 168, 236, 78, 211, 116, 149, 217, 251}, 0.98134684585444665, 0.55619442695361221) ({97, 100, 103, 43, 15, 115, 117, 155, 30}, 0.98076301325573878, 0.55586353024869395) ({32, 230, 38, 173, 47, 208, 16, 49, 154, 219, 61, 95}, 0.98039215686274506, 0.55565334130290522) ({225, 70, 7, 232, 201, 202, 235, 237, 176, 50, 179, 182, 186, 125}, 0.97252939122337334, 0.55119698986351873) ({2, 35, 68, 42, 11, 204, 108, 77, 111, 120, 26, 59, 92}, 0.96921413031175718, 0.54931801134463165) ({255, 1, 99, 131, 133, 102, 205, 240, 113, 243, 246, 119, 56, 88, 25, 126, 63}, 0.96749862731309788, 0.54834572187194708) ({160, 40, 169, 72, 75, 143, 144, 177, 178, 18, 180, 54, 183, 24, 184, 90, 157}, 0.96201930991739537, 0.54524022883258616) ({64, 130, 163, 132, 6, 135, 136, 234, 12, 141, 112, 241, 147, 244, 150, 23, 248, 253, 254}, 0.96201401946088327, 0.54523723037955141) ({192, 67, 69, 73, 74, 203, 107, 76, 79, 122, 91, 94, 159}, 0.96179812283879462, 0.54511486742652304) ({124, 193, 194, 224, 4, 164, 162, 231, 44, 175, 207, 81, 146, 84, 21, 52, 28, 188, 93, 62}, 0.9593133613930841, 0.54370658810688044) ({0, 222, 3, 228, 197, 165, 104, 10, 171, 109, 110, 212, 53, 245, 215, 185, 121, 252, 189, 156, 221}, 0.95772818514582592, 0.54280816345897054) ({9, 139, 17, 148, 22, 153, 27, 29, 34, 170, 46, 181, 57, 58, 190, 65, 82, 85, 87, 89, 96, 226, 106, 238, 118, 247, 250, 127}, 0.94357010352462445, 0.53478383839252552)

({123, 132, 117, 141, 155}, 0.99384016341120895, 0.56327521967087291) ({36, 101, 150, 183}, 0.99281150159744413, 0.56269220870950598) ({225, 202, 139, 55, 121, 127}, 0.99119999999999997, 0.56177886373742847) ({32, 159, 35, 205, 154, 63}, 0.99119999999999997, 0.56177886373742847) ({72, 114, 244, 213, 253, 254}, 0.98758229406412246, 0.55972846953848432) ({228, 198, 237, 176, 50, 179, 182, 29}, 0.98498812733931662, 0.55825818298177843) ({166, 145, 241, 214, 89, 27, 220, 60, 125, 95}, 0.98222731601801483, 0.55669344786568242) ({168, 8, 140, 14, 143, 212, 151, 152}, 0.98043337645536865, 0.55567670318336104) ({97, 131, 67, 69, 7, 73, 203}, 0.97776491024898671, 0.55416430617635637) ({134, 38, 232, 169, 40, 235, 48, 217, 252, 189, 93, 255}, 0.97771952817824381, 0.55413858514312797) ({65, 161, 195, 164, 133, 167, 173, 113, 181}, 0.97440763433280919, 0.55226151496424658) ({230, 199, 171, 108, 45, 46, 12, 49, 52, 56, 185, 59, 222, 191}, 0.97182327520937439, 0.55079678702654211) ({66, 137, 75, 80, 18, 178, 83, 210, 180, 25, 219, 124, 157, 28, 31}, 0.96842277486910999, 0.5488694976628492) ({33, 197, 6, 39, 135, 5, 165, 78, 175, 242, 115, 53, 247, 251}, 0.96827808686708117, 0.54878749336363997) ({64, 99, 196, 163, 200, 112, 81, 208, 84, 250, 58, 92, 90, 126}, 0.96693779624319742, 0.54802786166089246) ({4, 229, 100, 37, 138, 43, 236, 44, 206, 74, 240, 177, 209, 51, 243, 54, 246, 249}, 0.96644992076935687, 0.54775135023096966) ({192, 34, 130, 226, 70, 103, 170, 76, 172, 142, 238, 79, 118, 87, 88, 94}, 0.96384552177485616, 0.54627526436752172) ({160, 0, 129, 3, 136, 9, 109, 15, 144, 17, 211, 20, 149, 23, 24, 156, 30}, 0.9564408875388225, 0.54207856641805618) ({224, 162, 98, 71, 231, 234, 42, 77, 110, 174, 207, 119, 248, 215, 26, 218, 122, 186, 62, 158}, 0.95356170749518687, 0.54044674388636826) ({128, 1, 2, 11, 13, 16, 146, 19, 148, 21, 22, 153, 41, 47, 184, 187, 61, 68, 82, 216, 91, 96, 102, 233, 107, 116, 120}, 0.94488759970993474, 0.53553055097319746)

({199, 201, 111, 17, 220, 63}, 0.99275786783108788, 0.56266181089239375) ({0, 192, 130, 83, 185, 94}, 0.99114619446370478, 0.56174836856688493) ({160, 136, 170, 10, 118, 121}, 0.98904329235702837, 0.56055651429323716) ({96, 195, 228, 198, 231, 11, 13}, 0.98598506605399194, 0.55882321435621973) ({204, 12, 172, 132}, 0.98453857303913672, 0.55800339070580651) ({196, 134, 240, 113, 177, 214, 218, 223}, 0.98335147337445072, 0.55733058249276135) ({97, 131, 100, 229, 37, 117, 26, 255}, 0.98320801499788335, 0.55724927510395827) ({38, 103, 7, 202, 76, 14, 80, 151, 217, 28, 157}, 0.98004353069207917, 0.5554557517003772) ({32, 44, 16, 49, 19, 52, 249, 250, 90, 126}, 0.97881506915875738, 0.5547595009696118) ({65, 167, 137, 171, 206, 143, 209, 212, 85, 155, 252, 30}, 0.97795428756686664, 0.55427163887859232) ({164, 133, 205, 244, 23, 122, 59, 188, 253, 254, 127}, 0.97691399911491372, 0.55368203832926088) ({66, 69, 73, 79, 114, 18, 84, 21, 210, 154, 124, 93}, 0.97293188173648626, 0.55142510796594169) ({226, 34, 102, 166, 106, 238, 46, 247, 55}, 0.9715823622161408, 0.55066024563469551) ({200, 8, 74, 104, 248, 152, 88, 56}, 0.96926598005558284, 0.54934739803770216) ({68, 230, 233, 42, 41, 236, 239, 144, 47, 178, 243, 147, 184, 25, 61, 62, 31}, 0.96876022244030091, 0.54906075161070489) ({128, 161, 2, 99, 71, 138, 140, 173, 77, 241, 148, 181, 120, 89, 219, 92, 125, 95}, 0.96723996723996719, 0.54819912203137233) ({193, 98, 1, 36, 101, 232, 105, 40, 108, 237, 45, 145, 116, 213, 20, 24, 60}, 0.96032785295116152, 0.54428156784332915) ({33, 129, 3, 197, 165, 9, 234, 43, 75, 110, 174, 146, 242, 51, 53, 245, 57, 27, 123, 189, 158}, 0.95807266460492457, 0.54300340284467807) ({216, 162, 67, 227, 168, 141, 176, 211, 115, 179, 86, 182, 87, 149, 186, 251, 156, 153, 222, 221}, 0.9560826193137133, 0.54187551202296436) ({135, 139, 15, 150, 159, 163, 39, 169, 175, 180, 54, 183, 187, 190, 194, 78, 207, 208, 81, 82, 215, 91, 224, 235, 246}, 0.94515120893534721, 0.53567995582703409)

({33, 163}, 0.99489877251713699, 0.56387520375145228) ({102, 231, 111, 53, 23, 152}, 0.99001495087569413, 0.56110721770178928) ({200, 98, 194, 77, 71}, 0.98948616854184701, 0.56080752163775272) ({97, 241, 49, 117, 14}, 0.98724620920071959, 0.55953798792762699) ({101, 108, 174, 116, 60, 125}, 0.9816958277254374, 0.55639221815513573) ({134, 7, 38, 21, 118, 22, 184, 250, 31}, 0.97946153984497242, 0.55512589883839858) ({132, 165, 5, 172, 45, 141}, 0.97662717091381268, 0.55351947373997279) ({197, 103, 204, 146, 211, 212, 179, 245, 252, 221, 126}, 0.97550851588696696, 0.55288545764847208) ({228, 137, 44, 140, 13, 143, 145, 180, 246, 155, 157}, 0.97338543748242223, 0.55168216812695203) ({99, 138, 203, 74, 206, 113, 82, 51, 214, 119, 120, 218, 94}, 0.96869534582331995, 0.54902398172352707) ({191, 229, 230, 171, 12, 47, 239, 243, 52, 55, 59, 156, 61, 127}, 0.96742118500321694, 0.54830183017213863) ({160, 63, 34, 3, 100, 70, 43, 76, 112, 176, 84, 182, 185, 27, 123, 29, 95}, 0.96723996723996719, 0.54819912203137233) ({32, 2, 35, 104, 41, 42, 107, 11, 8, 149, 85, 26}, 0.96712717741495113, 0.54813519654737453) ({161, 66, 195, 226, 37, 198, 133, 202, 109, 238, 173, 207, 148, 181, 215}, 0.96565866462514349, 0.54730289282820377) ({192, 65, 96, 227, 199, 105, 80, 242, 247, 89, 122, 251, 188, 186, 254, 223}, 0.96478121664887939, 0.54680558479037655) ({225, 72, 232, 106, 75, 235, 169, 201, 50, 115, 216, 249, 90, 189, 30, 222}, 0.96291879555477877, 0.5457500270764496) ({0, 136, 9, 10, 40, 240, 177, 17, 114, 48, 24, 57, 58}, 0.96058688512116874, 0.54442837857591397) ({64, 67, 69, 73, 237, 81, 19, 88, 121, 217, 91, 25, 93, 255}, 0.95713711868812179, 0.54247316684577207) ({130, 6, 166, 46, 170, 78, 175, 142, 209, 18, 178, 147, 210, 54, 86, 56, 150, 28, 190}, 0.95014284963104478, 0.53850905009480499) ({128, 1, 4, 135, 139, 16, 154, 159, 162, 39, 183, 187, 62, 193, 196, 208, 83, 219, 220, 224, 233, 234, 236, 244, 248, 124}, 0.94922728816927227, 0.53799014061369488)

({32, 37}, 0.99489877251713699, 0.56387520375145228) ({129, 218, 211, 126, 135}, 0.99168399168399168, 0.56205317396572874) ({119, 175, 142, 159}, 0.99087708066581304, 0.56159584390627593) ({36, 104, 73, 79, 210, 150, 30}, 0.98956020055404204, 0.56084948049539096) ({164, 78, 15, 248, 25, 121, 217}, 0.98793826962324294, 0.55993022452750874) ({224, 193, 162, 234, 245, 186, 155}, 0.98509899510198451, 0.55832101910540299) ({225, 68, 6, 71, 20, 86}, 0.98290046781738993, 0.5570749676931398) ({161, 11, 241, 146, 19, 148, 22, 216, 254, 31}, 0.98198081829043826, 0.55655374123401191) ({166, 74, 76, 246, 57, 26, 91, 122, 94}, 0.97938811849133978, 0.55508428608152016) ({98, 35, 4, 2, 232, 201, 42, 235, 14, 82, 158, 255}, 0.97676557301668876, 0.55359791540269732) ({128, 39, 168, 8, 138, 236, 44, 140, 117, 54}, 0.97661056014543335, 0.55351005931444219) ({1, 69, 13, 81, 18, 213, 183, 188, 157, 61, 93}, 0.97402328436811192, 0.55204367831529066) ({96, 227, 131, 133, 102, 105, 108, 46, 111, 80, 113, 114, 249, 28, 63}, 0.97059931678890787, 0.55010308850887513) ({5, 77, 176, 115, 179, 181, 55, 152, 247, 185, 251, 92, 191}, 0.97030188062964029, 0.54993451168523944) ({65, 34, 3, 229, 137, 170, 43, 238, 209, 178, 83, 250, 187, 190, 127}, 0.97024237277062786, 0.54990078462973147) ({200, 17, 149, 85, 53, 89, 27, 252, 125, 60, 29}, 0.97003133492730598, 0.54978117546929262) ({72, 106, 75, 202, 10, 112, 49, 208, 16, 244, 84, 21, 145, 154, 219, 90, 222}, 0.95996468042577554, 0.54407573385558494) ({33, 163, 196, 165, 38, 7, 103, 169, 70, 172, 237, 45, 177, 147, 180, 118, 87, 88, 220, 189}, 0.95864301522809103, 0.54332665841874428) ({0, 130, 132, 136, 9, 12, 141, 40, 182, 62, 192, 66, 195, 197, 198, 204, 207, 212, 215, 221, 226, 99, 228, 231}, 0.94225459425831304, 0.53403825193079779) ({143, 144, 151, 24, 156, 160, 167, 41, 171, 173, 174, 47, 48, 184, 58, 199, 203, 205, 206, 214, 223, 230, 233, 107, 109, 110, 239, 240, 116, 120, 253}, 0.93272139526248543, 0.52863515497795399)

({171, 140, 247}, 0.99809311933894806, 0.56568565222596834) ({168, 18, 27}, 0.99575258826652513, 0.56435911783693693) ({89, 123, 111}, 0.99232859197698575, 0.5624185117584678) ({224, 26, 11, 19, 127}, 0.99181297770955257, 0.56212627891213474) ({152, 137, 157, 46, 143}, 0.98740885876722451, 0.55963017223821865) ({161, 35, 37, 77, 145, 146, 55, 95}, 0.98470209339774561, 0.55809606855211125) ({225, 3, 231, 71, 44, 173, 119, 23, 185}, 0.98268165438605926, 0.55695095159061414) ({68, 197, 198, 233, 204, 241, 60, 29, 92}, 0.98067146886058665, 0.55581164596066923) ({195, 170, 139, 142, 147, 245, 215, 122, 219, 159}, 0.97542981572361798, 0.55284085303957153) ({65, 130, 6, 144, 178, 83, 180, 54, 183, 150}, 0.9738289769213242, 0.55193355138160205) ({33, 34, 39, 9, 43, 51, 244, 216, 153, 57, 124, 188}, 0.97367028852805926, 0.55184361213093958) ({98, 165, 169, 42, 76, 237, 13, 14, 177, 242, 118, 87, 28, 93, 220}, 0.97297091848923833, 0.55144723268608398) ({226, 229, 138, 45, 114, 117, 213, 151, 181, 155, 253, 158, 191}, 0.97281818637525685, 0.55136066925443672) ({63, 97, 193, 67, 100, 69, 109, 79, 211, 86, 24, 217, 186, 189, 255}, 0.97216727889234245, 0.55099175675832113) ({36, 228, 166, 135, 200, 102, 41, 203, 107, 8, 73, 239, 208, 82, 251, 190}, 0.97099024848015014, 0.55032465545934428) ({129, 5, 103, 12, 141, 238, 15, 209, 17, 115, 212, 20, 149, 88, 121, 218, 59, 156, 221, 91}, 0.9593563028677532, 0.54373092589223837) ({66, 227, 131, 133, 40, 105, 10, 235, 202, 75, 78, 207, 48, 80, 175, 72, 184, 249, 187}, 0.95885660649568494, 0.54344771477428622) ({192, 0, 254, 94, 160, 230, 70, 38, 7, 234, 136, 174, 206, 110, 214, 62, 31}, 0.95822601494843862, 0.54309031666805685) ({128, 2, 4, 134, 148, 22, 162, 164, 167, 47, 53, 182, 196, 74, 85, 96, 99, 101, 108, 113, 243, 116, 120}, 0.95020885063379112, 0.53854645724606443) ({32, 64, 1, 163, 126, 106, 112, 176, 49, 81, 52, 84, 21, 16, 25, 58, 250, 154, 90, 222, 30}, 0.94974180805749231, 0.53828175320265226)

({63, 66, 43, 21, 111}, 0.99090938190198774, 0.56161415116188074) ({4, 37, 235, 139, 175, 88}, 0.99039231385108084, 0.56132109435991007) ({227, 199, 179, 247, 216, 89, 29}, 0.98691610237576033, 0.5593508944681459) ({98, 6, 75, 144, 20, 117, 150, 124}, 0.98641588296760707, 0.55906738691091051) ({30, 18, 69, 54, 86}, 0.98584526298857966, 0.55874397867499059) ({225, 129, 163, 100, 70, 209, 178, 249, 191}, 0.98333781241601725, 0.55732283992041842) ({160, 132, 203, 206, 114, 185, 217, 155, 123, 25}, 0.98124060818562264, 0.55613421501164484) ({99, 39, 74, 16, 49, 50, 146, 82}, 0.98051580564314011, 0.5557234212780392) ({193, 1, 35, 136, 41, 42, 11, 243, 119}, 0.97999352890422775, 0.55542741236667659) ({96, 34, 102, 106, 140, 46, 238, 211, 87, 93, 223}, 0.97783378284771039, 0.55420334085175349) ({97, 3, 165, 143, 241, 180, 57, 90, 58, 60, 189, 252}, 0.97770571544385898, 0.55413075654927424) ({232, 9, 201, 169, 237, 81, 242, 19, 115, 186, 122}, 0.97720066657818283, 0.55384451181774541) ({0, 192, 195, 198, 174, 14, 80, 110, 212, 215, 62}, 0.9765969691156724, 0.55350235637532175) ({131, 7, 137, 172, 45, 145, 151, 152, 157, 125, 158}, 0.97447840423486964, 0.55230162496744106) ({32, 2, 197, 231, 138, 204, 207, 246, 120, 92, 221, 126, 255}, 0.97439907906755585, 0.55225666612728841) ({164, 229, 135, 40, 105, 72, 108, 78, 208, 48, 116, 181, 213, 218, 26, 91, 61, 253}, 0.96716477676052492, 0.54815650659341342) ({65, 36, 5, 101, 71, 68, 107, 77, 239, 47, 85, 55, 59, 156, 31}, 0.9631639532971551, 0.54588897424952121) ({64, 33, 224, 128, 127, 103, 200, 168, 202, 176, 112, 210, 118, 250, 219, 154, 190, 222}, 0.96006670820657547, 0.54413355977443834) ({162, 194, 196, 134, 38, 230, 10, 12, 141, 142, 15, 113, 84, 244, 214, 52, 56, 182, 188}, 0.95681667769688949, 0.54229155165615406) ({130, 133, 8, 13, 17, 147, 23, 27, 28, 159, 161, 170, 44, 173, 51, 53, 183, 73, 76, 205, 79, 83, 220, 94, 226, 104, 233, 236, 109, 248}, 0.93989071038251371, 0.53269848195727709)

({208, 235, 196, 139}, 0.99361532322426183, 0.56314778780571384) ({232, 106, 46, 179, 245, 126}, 0.98952935520059837, 0.56083199838521225) ({120, 20, 92, 30}, 0.98844858013797532, 0.56021945138497409) ({244, 213, 214, 199}, 0.98649734769329689, 0.55911355838087895) ({32, 1, 35, 4, 228, 13, 242, 50, 211}, 0.98160445082555636, 0.55634042879780421) ({65, 3, 197, 5, 238, 115, 118, 247, 122, 127}, 0.97874890667012215, 0.55472200229357516) ({192, 225, 34, 201, 84, 21, 52, 117, 216, 249, 123}, 0.97840592732254117, 0.55452761312068422) ({97, 98, 67, 132, 70, 7, 103, 204, 237, 90}, 0.97782173081287893, 0.55419651016326144) ({68, 108, 77, 207, 111, 116, 220, 125, 95}, 0.97314561806699118, 0.55154624653826856) ({6, 71, 234, 236, 205, 206, 109, 239, 49, 82, 173, 124, 61}, 0.97265081533660058, 0.5512658089720327) ({33, 99, 40, 9, 105, 43, 12, 45, 15, 182, 218}, 0.97183307390111928, 0.55080234059586675) ({161, 229, 69, 133, 137, 140, 76, 79, 209, 212, 246, 252, 222, 255}, 0.96969909190652936, 0.54959287128578116) ({0, 160, 230, 167, 136, 202, 170, 75, 10, 110, 83, 180, 184, 58, 219, 154}, 0.96545005178902898, 0.54718465808038963) ({189, 227, 165, 172, 141, 142, 175, 149, 87, 156, 221, 190, 159}, 0.9619559022808728, 0.54520429151418637) ({157, 66, 143, 144, 177, 80, 114, 178, 18, 54, 86, 152, 25, 217, 155, 93, 158, 223}, 0.95710426200584442, 0.54245454478197463) ({224, 193, 194, 131, 162, 128, 134, 168, 72, 138, 78, 176, 145, 146, 19, 186, 31}, 0.95580040526849042, 0.54171556258222986) ({129, 130, 135, 147, 163, 37, 38, 42, 44, 174, 47, 188, 191, 64, 195, 81, 215, 100, 231, 104, 112, 121}, 0.9554655260700623, 0.54152576430177957) ({36, 102, 39, 198, 166, 14, 48, 17, 51, 53, 150, 183, 23, 153, 89, 27, 60, 29, 57, 63}, 0.95015527045365611, 0.53851608979982235) ({2, 8, 11, 16, 148, 22, 26, 41, 56, 185, 59, 62, 200, 73, 74, 85, 88, 91, 94, 226, 101, 233, 107, 113, 243, 248}, 0.94380444306994482, 0.5349166541749093)

({163}, 1.0, 0.56676640812896339) ({82, 197}, 0.99936518013013809, 0.56640661355151278) ({17, 107, 222, 199}, 0.9969774101177219, 0.56505330571813761) ({66, 99}, 0.99489877251713699, 0.56387520375145228) ({56, 129, 124, 142, 118}, 0.9937438156340771, 0.56322061298729664) ({70, 38, 47, 148, 22, 120, 250}, 0.98779900465564296, 0.55985129382204391) ({168, 203, 236, 239, 176, 117, 247, 188}, 0.98372018052869115, 0.55753955332222171) ({226, 228, 232, 73, 76, 13, 143, 79, 115}, 0.98180545836249122, 0.55645435311751967) ({193, 14, 19, 211, 21, 214, 213, 184, 254, 158}, 0.98079596521289325, 0.5558822063110912) ({0, 34, 6, 43, 46, 146, 245, 54, 190}, 0.97820273883801956, 0.55441245271313877) ({127, 224, 33, 128, 40, 138, 177, 51, 149, 183, 91, 31}, 0.97820273883801956, 0.55441245271313877) ({3, 198, 39, 231, 233, 135, 109, 112, 145, 208, 241, 81, 121, 58}, 0.97286415788126324, 0.55138672435977232) ({1, 137, 41, 49, 150, 185, 25, 59, 157, 61}, 0.96869275058885107, 0.54902251083180886) ({96, 196, 165, 102, 101, 106, 202, 140, 205, 116, 53, 86, 90, 251, 154, 93, 30}, 0.96816457767766029, 0.54872316016806222) ({64, 97, 63, 67, 100, 69, 103, 9, 23, 24, 57, 27, 29, 126, 255}, 0.96629176640325276, 0.54766171364896288) ({130, 12, 141, 144, 18, 147, 166, 178, 181, 191, 77, 80, 210, 83, 92, 229, 114, 243, 244, 248, 123, 253}, 0.95542619605244328, 0.54150347336896199) ({65, 195, 68, 71, 72, 170, 139, 235, 75, 238, 15, 175, 111, 78, 207, 152, 187, 220, 28}, 0.95413909308375966, 0.54077398664250909) ({132, 11, 20, 26, 155, 160, 36, 42, 172, 45, 48, 180, 60, 74, 204, 88, 217, 218, 98, 108, 237, 246, 252, 125}, 0.95004163197335556, 0.53845168332651727) ({2, 131, 4, 133, 134, 136, 153, 156, 159, 32, 161, 162, 35, 164, 37, 167, 171, 44, 173, 174, 50, 179, 52, 182, 186, 192, 194, 201, 206, 209, 212, 85, 215, 216, 89, 219, 221, 95, 230, 105, 234, 240, 113, 242, 119, 249, 122}, 0.90215800685375569, 0.51131285310928776)

({94}, 1.0, 0.56676640812896339) ({100}, 1.0, 0.56676640812896339) ({25, 46, 126}, 0.99489877251713699, 0.56387520375145228) ({228, 199, 8, 172, 237, 210, 53, 56}, 0.98794117056923292, 0.55993186868624767) ({224, 129, 233, 236, 153, 159}, 0.98731127529714102, 0.55957486520538668) ({104, 76, 18, 83, 20, 23}, 0.98709435578879723, 0.55945192251478959) ({63, 6, 111, 86, 29, 95}, 0.98453857303913672, 0.55800339070580651) ({96, 225, 162, 146, 179, 186}, 0.98432046394243677, 0.55787977379648968) ({165, 135, 39, 51, 58, 27, 123}, 0.98257221236081971, 0.55688892352707076) ({64, 194, 70, 200, 74, 11, 60}, 0.98243146658059166, 0.55680915354675165) ({36, 137, 203, 45, 206, 143, 248, 152, 155, 158}, 0.97755651412447697, 0.55404619425340007) ({98, 67, 232, 40, 176, 112, 82, 50, 145, 150, 122}, 0.97475128239241948, 0.55245628314065243) ({0, 227, 103, 9, 10, 141, 142, 242, 115, 211, 182, 118, 24, 121, 87, 156}, 0.97080128139729438, 0.55021755526453953) ({65, 163, 196, 230, 105, 170, 235, 108, 12, 78, 77, 16, 75, 243, 184, 154, 219, 61, 190}, 0.96570629322328039, 0.54732988711769404) ({192, 160, 130, 68, 132, 166, 41, 14, 80, 144, 178, 116, 85, 180, 183, 187}, 0.96438800546139558, 0.54658272589801027) ({128, 34, 164, 69, 229, 133, 168, 73, 138, 140, 205, 109, 79, 48, 17, 173, 54, 246, 91, 93}, 0.95933912670314347, 0.54372119101911709) ({35, 238, 208, 241, 148, 213, 214, 247, 151, 88, 218, 217, 220, 125, 157, 223}, 0.95900192968516207, 0.54353007907640394) ({4, 22, 28, 33, 169, 43, 175, 177, 57, 189, 66, 202, 209, 90, 221, 222, 106, 113, 245, 249, 250, 252, 255}, 0.95310390632332032, 0.54018727756055218) ({191, 195, 5, 38, 167, 42, 171, 107, 110, 239, 47, 147, 244, 181, 55, 185, 59, 92, 253, 254, 127}, 0.95167100814720396, 0.53937515900806021) ({1, 2, 131, 136, 19, 21, 26, 32, 161, 37, 44, 174, 49, 52, 62, 193, 198, 71, 72, 201, 204, 207, 81, 212, 215, 216, 89, 97, 102, 231, 234, 117, 119, 120}, 0.93237778397545723, 0.52844040764301237)

({252, 134}, 0.99936518013013809, 0.56640661355151278) ({209, 109}, 0.99936518013013809, 0.56640661355151278) ({9, 75, 117, 207}, 0.9932939485869392, 0.56296564345685474) ({73, 171, 108, 11, 92, 191}, 0.98936738619363107, 0.56074019979290524) ({202, 90, 18, 27}, 0.98844858013797532, 0.56021945138497409) ({17, 211, 247, 218, 91, 251}, 0.98300983923866869, 0.55713695574072997) ({225, 228, 101, 105, 242, 179, 50, 182}, 0.98105127065573106, 0.55602690485990414) ({126, 64, 37, 70, 69, 74, 81, 54, 246, 30, 255}, 0.97774338565848629, 0.55415210676151205) ({160, 65, 226, 66, 130, 192, 41, 239, 240, 56, 61}, 0.97704980899423299, 0.55375901080675116) ({194, 132, 234, 203, 206, 177, 19, 180, 149, 245, 183, 249, 63}, 0.97427073295874056, 0.55218392386419779) ({3, 195, 38, 167, 235, 173, 238, 85, 118, 55, 152, 121, 181, 59, 88, 185}, 0.97211212210753695, 0.55096049574551298) ({166, 170, 204, 77, 142, 46, 172, 49, 25, 154, 250, 190}, 0.97192705927113621, 0.55085560834644798) ({161, 133, 233, 137, 205, 48, 113, 178, 83, 116, 217, 220, 253, 157}, 0.96933819064966609, 0.54938832457673958) ({129, 2, 163, 5, 197, 135, 201, 139, 107, 47, 208, 112, 82, 115, 22, 153, 127}, 0.96738921001926781, 0.54828370782533575) ({196, 100, 230, 7, 199, 169, 103, 229, 175, 84, 21, 151, 87, 184, 187}, 0.96701436295123155, 0.54807125709898719) ({62, 254, 98, 110, 144, 147, 244, 20, 150, 23, 24, 215, 122, 124, 94, 159}, 0.96295077922611949, 0.54576815434697412) ({1, 97, 35, 67, 193, 12, 141, 111, 114, 51, 213, 119, 123, 60, 29, 125, 95}, 0.9628328688651494, 0.54570132671520588) ({4, 102, 231, 8, 39, 236, 140, 174, 79, 16, 13, 76, 44, 148, 188, 28}, 0.95843227951349452, 0.54320722049471792) ({96, 33, 34, 162, 164, 99, 6, 71, 40, 72, 10, 43, 106, 128, 78, 176, 146, 216, 222}, 0.95541584555553616, 0.5414976070550076) ({131, 138, 14, 143, 155, 158, 31, 36, 165, 168, 42, 45, 53, 57, 186, 189, 198, 80, 210, 212, 86, 89, 224, 227, 237, 241, 248}, 0.9500286801576483, 0.53844434267245012)

({29}, 1.0, 0.56676640812896339) ({231, 169, 183, 132, 135}, 0.98870817694799984, 0.56036658213655344) ({185, 171, 179, 151}, 0.98844858013797532, 0.56021945138497409) ({5, 138, 77, 78, 114, 51, 86, 92}, 0.98511066398390346, 0.55832763263569507) ({34, 73, 172, 12, 46, 142, 217, 251}, 0.98457945806659419, 0.55802656296596487) ({195, 166, 137, 233, 178, 243, 22, 215, 26, 221}, 0.98281842381221263, 0.55702846790701699) ({31, 33, 36, 72, 40, 110, 143, 145, 216, 24, 127}, 0.98112237402673719, 0.55606720386209518) ({98, 100, 15, 82, 20, 60, 125, 30, 95}, 0.98103754781015995, 0.55601912721201052) ({224, 193, 67, 234, 107, 203, 45, 79, 53, 150, 253, 254}, 0.97836830592238511, 0.55450629057484901) ({229, 106, 80, 48, 241, 213, 117, 120, 57}, 0.97835910915866986, 0.55450107815811167) ({168, 175, 17, 177, 88, 152, 218, 28, 189, 158}, 0.97811993517017826, 0.55436552237573644) ({0, 192, 96, 99, 225, 136, 173, 174, 240, 113, 182, 119, 188, 191}, 0.97096025833828792, 0.55030765805436177) ({64, 197, 101, 38, 204, 141, 47, 176, 208, 81, 16, 84, 52, 156, 222}, 0.96916486822313774, 0.54929009124760786) ({128, 1, 2, 131, 35, 7, 11, 108, 19, 115, 55}, 0.96717844857113078, 0.54816425531640312) ({162, 164, 133, 134, 232, 201, 105, 235, 237, 207, 50, 122, 155, 59, 91, 62, 186}, 0.96472622255705909, 0.54677441598648724) ({32, 194, 227, 4, 196, 230, 199, 8, 239, 209, 148, 244, 214, 247, 56, 249, 153}, 0.96382548843324345, 0.54626391014245312) ({65, 68, 102, 71, 41, 42, 139, 236, 75, 140, 44, 116, 85, 23, 89, 123, 219, 187, 159}, 0.9635765886576978, 0.54612284211068296) ({255, 161, 97, 37, 43, 109, 238, 111, 146, 211, 212, 245, 54, 246, 252, 126, 63}, 0.96346475577088597, 0.54605945898711394) ({190, 223, 160, 93, 170, 13, 206, 205, 144, 180, 21, 118, 87, 184, 25, 124, 61, 220, 157}, 0.95831340597038284, 0.54313984696366691) ({129, 130, 3, 163, 165, 70, 103, 104, 200, 202, 76, 210, 147, 18, 149, 154, 27, 58, 250, 90}, 0.95644545958605398, 0.54208115770084342)

({96}, 1.0, 0.56676640812896339) ({90, 197, 47}, 0.99894151892034933, 0.56616649660937723) ({77, 126}, 0.99872955375575667, 0.56604636187439261) ({184, 129, 149, 5, 223}, 0.99090938190198774, 0.56161415116188074) ({160, 132, 165, 12, 172, 19, 156}, 0.98130409694171961, 0.55617019830589443) ({226, 134, 38, 48, 148, 22, 182, 24}, 0.97952577486444925, 0.55516230508966347) ({192, 66, 228, 101, 231, 39, 106, 202, 10, 81, 25, 93}, 0.97712524334847506, 0.55380176446475449) ({32, 4, 71, 41, 208, 49, 50, 16, 214, 56, 154, 159}, 0.97550473250192959, 0.55288331335292384) ({194, 98, 162, 230, 173, 174, 119, 23, 27, 60, 125, 30, 95}, 0.97486085923331878, 0.55251838761318306) ({191, 72, 201, 42, 40, 108, 232, 105, 181, 122, 254, 62}, 0.97052820638419468, 0.55006278552021526) ({100, 75, 236, 76, 109, 110, 112, 180, 118, 123, 187, 124}, 0.97037410013200331, 0.54997544327319059) ({128, 65, 2, 3, 225, 8, 238, 209, 82, 115, 55, 91, 252, 59, 222, 127}, 0.96985540397026382, 0.54968146371269111) ({97, 198, 9, 43, 145, 146, 179, 151, 57, 218, 155, 186, 158, 255}, 0.96904928754963793, 0.5492245840044393) ({224, 200, 104, 234, 245, 53, 152, 121, 217, 88, 248, 189}, 0.96808510638297873, 0.54867811850782622) ({34, 166, 103, 138, 204, 240, 212, 117, 246, 87, 120, 249, 58, 250, 89, 221, 216}, 0.96531585450613944, 0.54710859956838565) ({195, 235, 237, 178, 83, 20, 18, 54, 215, 86, 150, 210, 219, 157, 31}, 0.96436745107916033, 0.54657107636461943) ({1, 161, 35, 164, 133, 229, 37, 139, 111, 80, 207, 175, 21, 213, 26, 28, 220, 94, 188}, 0.96287670877089704, 0.5457261737011192) ({64, 130, 67, 196, 70, 136, 73, 74, 169, 45, 141, 144, 113, 114, 51, 84, 177, 243, 147, 153}, 0.95966537690473641, 0.54390609867402528) ({6, 142, 15, 17, 29, 168, 46, 176, 190, 63, 68, 78, 211, 85, 227, 102, 233, 107, 242, 116, 247, 251}, 0.95958656485801297, 0.54386143065338655) ({193, 131, 69, 7, 199, 137, 171, 11, 205, 13, 14, 239, 143, 79, 203}, 0.9496218305400993, 0.53821375397606319)

({240, 169, 144, 61}, 0.99425745732971771, 0.56351172784620018) ({15, 218, 253, 173, 135}, 0.99168399168399168, 0.56205317396572874) ({200, 104, 241, 97}, 0.99039231385108084, 0.56132109435991007) ({32, 140, 44, 242, 115, 153, 62}, 0.98962959571448195, 0.56088881134121504) ({96, 33, 165, 106, 108, 148, 182, 87}, 0.98702654938345991, 0.55941349212198843) ({194, 12, 141, 208, 81, 121, 155, 252, 30}, 0.98678689402731901, 0.55927766351659958) ({4, 133, 232, 105, 249, 250, 219}, 0.98584526298857966, 0.55874397867499059) ({35, 8, 42, 238, 209, 210, 17, 85, 53, 220, 159}, 0.98307942698787409, 0.55717639573939692) ({64, 128, 196, 38, 235, 237, 207, 189, 255}, 0.98253572645281595, 0.55686824454004413) ({131, 198, 168, 234, 138, 45, 176, 212, 57, 186, 221}, 0.98004353069207917, 0.5554557517003772) ({67, 102, 199, 203, 11, 19, 52, 211, 91}, 0.97685551431063511, 0.55364889110680982) ({65, 130, 195, 3, 5, 129, 181, 247, 27, 29}, 0.97676003765133568, 0.55359477814355851) ({0, 225, 191, 132, 174, 116, 20, 120, 185, 58, 92, 126, 95}, 0.97624370807988714, 0.55330213988693788) ({31, 6, 46, 78, 112, 49, 117, 150, 56, 25, 59, 190, 222}, 0.97324280649889139, 0.55160132967672837) ({127, 226, 36, 228, 73, 171, 107, 47, 143, 239, 79, 179, 251, 223}, 0.9665144596651446, 0.54778792870911985) ({160, 98, 163, 230, 136, 170, 139, 77, 177, 178, 147, 180, 149, 184, 154, 187}, 0.95958168748259609, 0.54385866632084046) ({1, 99, 68, 166, 231, 71, 39, 43, 75, 206, 111, 145, 21, 54, 183, 89, 90, 123, 28, 254, 158}, 0.9589410534426771, 0.54349557646711033) ({137, 13, 18, 23, 51, 188, 63, 69, 76, 205, 83, 86, 215, 100, 236, 109, 110, 243, 245, 246, 119, 124}, 0.95224642716862551, 0.53970128718000032) ({134, 9, 10, 24, 161, 162, 164, 37, 167, 40, 48, 193, 66, 72, 80, 213, 217, 224, 227, 229, 233, 113, 114}, 0.94984394122631055, 0.53833963885189418) ({2, 197, 70, 74, 14, 22, 16, 146, 82, 84, 214, 55, 152, 151, 122, 118, 60, 125, 94, 26}, 0.94916666666666671, 0.53795578238240771)

