Cartesian product of balanced tree of height 5 and path of length 4
k = 20, trials = 30


({16, 273, 114, 242, 55, 217, 153, 282}, 1.0, 0.42287516259227353) ({248, 162, 147, 116, 141}, 1.0, 0.42287516259227353) ({160, 9, 110, 177, 210, 308, 247, 185, 281, 223}, 1.0, 0.42287516259227353) ({128, 4, 6, 265, 266, 268, 269, 143, 275, 286, 30, 291, 167, 172, 173, 46, 184, 59, 191, 194, 67, 196, 197, 71, 204, 82, 88, 221, 109, 241}, 1.0, 0.42287516259227353) ({32, 60, 238}, 1.0, 0.42287516259227353) ({2, 144, 272, 279, 156, 292, 38, 39, 45, 303, 304, 176, 307, 182, 310, 56, 54, 183, 64, 213, 92, 226, 240, 253}, 1.0, 0.42287516259227353) ({259, 132, 133, 7, 136, 8, 137, 11, 21, 151, 157, 31, 161, 163, 36, 166, 40, 298, 301, 302, 311, 312, 58, 187, 192, 68, 200, 86, 214, 87, 93, 224, 104, 115, 117, 252}, 1.0, 0.42287516259227353) ({149}, 1.0, 0.42287516259227353) ({33, 262, 105, 106, 297, 12, 205, 237, 79, 43, 81, 236, 19, 53, 89, 122, 283}, 1.0, 0.42287516259227353) ({99, 198, 107, 274, 243, 276, 24, 123}, 1.0, 0.42287516259227353) ({290, 3, 260, 5, 293, 72, 10, 267, 74, 207, 112, 47, 175, 51, 48, 181, 22, 27, 95}, 1.0, 0.42287516259227353) ({254, 130, 227, 37, 70, 295, 231, 44, 211, 83, 219, 158, 287}, 1.0, 0.42287516259227353) ({228, 69, 102, 263, 199, 233, 202, 139, 235, 296, 270, 118, 215, 218, 28, 61, 188, 159}, 1.0, 0.42287516259227353) ({288, 97, 0, 230, 169, 77, 49, 278, 246, 23, 313, 90, 314, 155, 126, 94}, 1.0, 0.42287516259227353) ({66, 35, 101, 73, 76, 300, 305, 145, 119, 121, 284, 125}, 1.0, 0.42287516259227353) ({257, 1, 258, 261, 140, 271, 20, 277, 25, 26, 34, 164, 52, 180, 309, 57, 186, 63, 193, 78, 208, 80, 220, 96, 98, 103, 244, 245, 120, 255}, 1.0, 0.42287516259227353) ({65, 289, 134, 135, 299, 203, 111, 209, 18, 50, 84, 178, 222}, 1.0, 0.42287516259227353) ({131, 138, 146, 280, 152, 154, 42, 171, 306, 179, 190, 62, 201, 75, 212, 85, 100, 234, 108, 239, 249, 127}, 1.0, 0.42287516259227353) ({129, 225, 294, 264, 168, 15, 148, 150, 124, 285, 189}, 1.0, 0.42287516259227353)

({221, 294}, 1.0, 0.42287516259227353) ({304, 279, 218, 56, 263}, 1.0, 0.42287516259227353) ({164, 37, 6, 231, 38, 295, 139, 140, 174, 16, 113, 244, 149, 277, 118, 215, 25, 153, 219, 30}, 1.0, 0.42287516259227353) ({10, 11, 138, 19, 22, 154, 163, 36, 166, 301, 302, 48, 306, 53, 187, 192, 200, 201, 74, 207, 84, 224, 234, 108, 109, 239, 111, 249}, 1.0, 0.42287516259227353) ({162, 147, 107, 287}, 1.0, 0.42287516259227353) ({195, 68, 136, 8, 42, 265, 14, 49, 148, 85, 278, 151, 21, 216, 248, 59, 87, 286, 255}, 1.0, 0.42287516259227353) ({254, 193, 130, 227, 229, 70, 44, 13, 206, 208, 211, 180, 309, 83, 57, 186, 91, 220, 158, 63}, 1.0, 0.42287516259227353) ({134, 135, 141, 18, 281, 29, 288, 299, 43, 177, 308, 188, 61, 65, 202, 203, 210, 90, 223, 96, 228, 232, 233, 106, 110, 116, 120, 122, 126}, 1.0, 0.42287516259227353) ({258, 34, 103, 78, 20, 155}, 1.0, 0.42287516259227353) ({256, 259, 4, 5, 7, 266, 267, 268, 269, 146, 24, 26, 31, 293, 171, 172, 173, 51, 52, 311, 312, 191, 198, 204, 214, 93, 95, 104, 241, 243, 117, 251}, 1.0, 0.42287516259227353) ({129, 66, 131, 297, 105, 46, 15, 143, 245, 284}, 1.0, 0.42287516259227353) ({32, 289, 2, 196, 292, 101, 303, 112, 209, 273, 307, 212, 242, 178, 55, 240, 217, 282, 144, 50, 222}, 1.0, 0.42287516259227353) ({9, 137, 270, 142, 272, 276, 150, 283, 156, 33, 165, 296, 40, 298, 45, 176, 60, 81, 92, 226, 236, 238, 115, 247, 252, 124}, 1.0, 0.42287516259227353) ({71, 167, 73, 235, 300, 77, 76, 145, 305, 121, 250, 28, 125, 94}, 1.0, 0.42287516259227353) ({88, 275}, 1.0, 0.42287516259227353) ({160, 257, 290, 1, 98, 3, 261, 72, 175, 152, 27, 127}, 1.0, 0.42287516259227353) ({128, 67, 260, 230, 264, 168, 169, 12, 205, 79, 181, 23, 89, 58, 313}, 1.0, 0.42287516259227353) ({64, 189, 225, 291, 100, 133, 262, 39, 75, 237, 179, 183, 280, 157, 62, 285}, 1.0, 0.42287516259227353) ({0, 97, 99, 69, 102, 199, 47, 274, 213, 182, 246, 310, 185, 54, 123}, 1.0, 0.42287516259227353)

({263, 10, 142, 273, 276, 279, 24, 281, 282, 28, 35, 176, 305, 180, 309, 55, 57, 193, 198, 218, 229, 232, 238, 243, 250}, 1.0, 0.42287516259227353) ({95, 161, 293, 5, 231, 7, 267, 51, 54, 183, 185, 90, 29, 126, 159}, 1.0, 0.42287516259227353) ({83, 110, 158}, 1.0, 0.42287516259227353) ({275, 297, 299, 108, 109, 203, 140, 143, 46, 271, 18, 244, 245, 141, 116, 184, 25, 186, 88, 220, 63}, 1.0, 0.42287516259227353) ({31, 259, 41, 302, 111, 187, 255}, 1.0, 0.42287516259227353) ({128, 260, 266, 13, 17, 274, 291, 47, 306, 181, 194, 67, 197, 73, 201, 207, 80, 221, 99, 239, 241, 123}, 1.0, 0.42287516259227353) ({287, 66, 195, 131, 165, 105, 148, 152, 219, 284, 127}, 1.0, 0.42287516259227353) ({258, 34, 164, 6, 103, 39, 71, 167, 78, 20, 85, 246, 125, 30, 190}, 1.0, 0.42287516259227353) ({257, 3, 261, 264, 265, 139, 12, 16, 149, 150, 153, 154, 283, 27, 290, 168, 42, 174, 175, 58, 72, 205, 79, 84, 86, 215, 217, 230, 113, 242, 251, 124}, 1.0, 0.42287516259227353) ({192, 129, 224, 36, 166, 200, 9, 137, 40, 298, 301, 115, 247, 252, 61}, 1.0, 0.42287516259227353) ({32, 288, 98, 1, 289, 37, 101, 234, 112, 209, 178, 50, 52, 213, 310, 182, 312, 314, 59, 26, 222}, 1.0, 0.42287516259227353) ({216, 248, 147, 107, 68}, 1.0, 0.42287516259227353) ({256, 100, 4, 102, 199, 136, 104, 69, 171, 204, 173, 269, 172, 268, 235, 146, 75, 214, 286, 191}, 1.0, 0.42287516259227353) ({0, 97, 70, 44, 77, 45, 272, 49, 211, 278, 87, 151, 91, 92, 156, 94, 155}, 1.0, 0.42287516259227353) ({96, 285, 189, 225, 133, 262, 8, 237, 206, 177, 307, 212, 308, 179, 280, 249, 157, 62, 223}, 1.0, 0.42287516259227353) ({228, 233, 202, 300, 145, 119, 188, 253}, 1.0, 0.42287516259227353) ({160, 33, 130, 227, 294, 135, 76, 236, 81, 121, 89}, 1.0, 0.42287516259227353) ({2, 292, 15, 304, 303, 144, 277, 118, 56}, 1.0, 0.42287516259227353) ({196, 134, 170, 74, 106, 43, 240, 48, 82, 19, 53, 22, 122, 93}, 1.0, 0.42287516259227353) ({296, 313, 169, 60, 270}, 1.0, 0.42287516259227353)

({257, 290, 3, 230, 72, 203, 175, 18, 86, 312, 27}, 1.0, 0.42287516259227353) ({1, 131, 261, 140, 276, 152, 25, 284, 32, 289, 35, 37, 178, 50, 180, 309, 57, 186, 193, 66, 209, 220, 222, 98, 231, 105, 244, 253, 127}, 1.0, 0.42287516259227353) ({128, 260, 133, 7, 8, 23, 285, 157, 288, 161, 169, 181, 311, 313, 314, 187, 58, 189, 63, 194, 67, 214, 90, 93, 225, 104, 117}, 1.0, 0.42287516259227353) ({259, 6, 137, 11, 139, 271, 16, 143, 275, 149, 30, 286, 31, 163, 36, 40, 41, 298, 297, 301, 174, 46, 302, 59, 61, 200, 205, 215, 224, 228, 113, 116, 245, 251, 252}, 1.0, 0.42287516259227353) ({73, 300, 47, 240, 273, 242, 145, 212, 55, 184, 281, 217, 282, 119}, 1.0, 0.42287516259227353) ({192, 195, 165, 166, 264, 9, 168, 12, 111, 79, 115, 148, 150, 247, 185, 283, 124}, 1.0, 0.42287516259227353) ({65, 33, 2, 292, 262, 236, 237, 144, 81, 21, 277, 87}, 1.0, 0.42287516259227353) ({256, 5, 134, 135, 136, 267, 269, 159, 160, 293, 43, 173, 176, 51, 53, 191, 210, 89, 95, 106, 235, 122}, 1.0, 0.42287516259227353) ({291, 100, 69, 102, 199, 75, 241}, 1.0, 0.42287516259227353) ({68, 101, 232, 42, 76, 85, 121}, 1.0, 0.42287516259227353) ({48, 74, 171, 22, 207}, 1.0, 0.42287516259227353) ({10, 13, 24, 26, 29, 287, 39, 167, 295, 170, 304, 52, 182, 183, 310, 54, 196, 198, 71, 82, 213, 219, 226, 243, 126}, 1.0, 0.42287516259227353) ({80, 258, 20, 279}, 1.0, 0.42287516259227353) ({64, 34, 164, 38, 103, 78, 303, 307}, 1.0, 0.42287516259227353) ({197, 201, 109, 77, 239, 49, 278, 155, 221, 94}, 1.0, 0.42287516259227353) ({129, 229, 294, 263, 296, 233, 202, 14, 142, 238, 305, 15, 270, 118, 56, 250, 218, 60, 188, 28}, 1.0, 0.42287516259227353) ({0, 97, 99, 45, 274, 246, 92, 156}, 1.0, 0.42287516259227353) ({130, 4, 265, 268, 280, 153, 154, 158, 172, 44, 179, 62, 190, 70, 204, 206, 211, 84, 83, 216, 91, 108, 248, 254}, 1.0, 0.42287516259227353) ({147, 107, 255}, 1.0, 0.42287516259227353) ({96, 234, 138, 177, 308, 120, 249}, 1.0, 0.42287516259227353)

({114}, 1.0, 0.42287516259227353) ({201, 239, 306, 19, 52, 53, 182, 54, 312, 310, 26}, 1.0, 0.42287516259227353) ({33, 40, 137, 10, 13, 47, 303, 81, 23, 313, 252, 63}, 1.0, 0.42287516259227353) ({49, 21, 278, 87}, 1.0, 0.42287516259227353) ({194, 67, 291, 197, 39, 266, 172, 268, 204, 241, 251, 156}, 1.0, 0.42287516259227353) ({34, 35, 162, 294, 103, 232, 107, 15, 304, 305, 112, 147, 276, 85, 248, 216, 250, 125}, 1.0, 0.42287516259227353) ({256, 259, 265, 145, 154, 155, 31, 159, 41, 42, 300, 302, 187, 59, 73, 76, 77, 206, 219, 94, 101, 235, 119, 121}, 1.0, 0.42287516259227353) ({128, 288, 228, 6, 233, 90, 314, 188, 29, 30, 286}, 1.0, 0.42287516259227353) ({64, 131, 260, 169, 17, 181, 22, 152, 186, 220, 190, 127}, 1.0, 0.42287516259227353) ({1, 98, 195, 289, 37, 261, 198, 165, 74, 48, 209, 178, 243, 148, 50, 150, 24, 27, 124, 222}, 1.0, 0.42287516259227353) ({5, 133, 7, 136, 8, 267, 157, 161, 164, 293, 298, 299, 51, 311, 58, 61, 202, 203, 86, 214, 93, 95, 225, 231, 104, 117, 255}, 1.0, 0.42287516259227353) ({38}, 1.0, 0.42287516259227353) ({2, 9, 142, 144, 273, 275, 20, 279, 280, 281, 285, 292, 176, 177, 179, 308, 55, 56, 185, 184, 189, 62, 65, 68, 200, 75, 80, 88, 223, 224, 226, 100, 108, 109, 238, 110, 115, 247}, 1.0, 0.42287516259227353) ({4, 134, 135, 262, 11, 140, 143, 271, 16, 25, 282, 153, 160, 297, 43, 46, 210, 84, 212, 89, 217, 91, 106, 236, 237, 111, 113, 242, 244, 245, 122}, 1.0, 0.42287516259227353) ({129, 45, 272, 183, 92, 253}, 1.0, 0.42287516259227353) ({264, 18, 60, 79}, 1.0, 0.42287516259227353) ({57, 193, 180, 229}, 1.0, 0.42287516259227353) ({163, 36, 166, 139, 171, 173, 174, 269, 141, 301, 146, 116, 149, 215, 191}, 1.0, 0.42287516259227353) ({0, 130, 12, 274, 284, 158, 167, 170, 44, 66, 196, 70, 71, 208, 82, 83, 211, 96, 97, 227, 99, 105, 240, 246, 120, 123}, 1.0, 0.42287516259227353) ({290, 69, 230, 263, 72, 296, 199, 102, 234, 205, 270, 175, 138, 118, 249, 218, 283, 28}, 1.0, 0.42287516259227353)

({288, 282, 259, 292, 41, 144, 113, 16, 242, 217, 314, 90, 153, 29, 126, 31}, 1.0, 0.42287516259227353) ({5, 9, 137, 159, 161, 163, 36, 166, 40, 298, 301, 51, 192, 69, 199, 200, 95, 224, 102, 114, 115, 247, 252}, 1.0, 0.42287516259227353) ({293, 38, 74, 267, 77, 304, 17, 48, 85, 152, 94, 127}, 1.0, 0.42287516259227353) ({249}, 1.0, 0.42287516259227353) ({257, 283, 60, 125, 279}, 1.0, 0.42287516259227353) ({138, 21, 278, 151, 26, 155, 33, 167, 170, 303, 49, 307, 52, 182, 310, 196, 71, 81, 82, 87, 89, 105, 234, 236, 240}, 1.0, 0.42287516259227353) ({225, 100, 68, 265, 42, 75, 76, 109, 206, 142, 238, 273, 272, 176, 55, 121, 59, 189, 190}, 1.0, 0.42287516259227353) ({289, 162, 294, 107, 178, 50, 147, 216, 248, 222}, 1.0, 0.42287516259227353) ({130, 134, 135, 204, 209, 211}, 1.0, 0.42287516259227353) ({132, 262, 7, 264, 10, 19, 148, 150, 23, 165, 168, 169, 43, 306, 53, 183, 311, 313, 65, 195, 201, 79, 91, 93, 106, 108, 237, 111, 239, 122, 124}, 1.0, 0.42287516259227353) ({1, 98, 34, 3, 261, 103, 72, 78, 175, 180, 27}, 1.0, 0.42287516259227353) ({0, 97, 229, 263, 235, 208, 305, 246, 56, 250, 218, 28}, 1.0, 0.42287516259227353) ({96, 129, 226, 286, 30, 228, 6, 233, 202, 110, 177, 210, 212, 308, 120, 185, 281, 188, 253, 61, 223}, 1.0, 0.42287516259227353) ({160}, 1.0, 0.42287516259227353) ({133, 136, 8, 139, 269, 270, 18, 146, 277, 157, 164, 37, 296, 299, 171, 173, 302, 312, 191, 203, 84, 86, 215, 214, 104, 117, 118, 251}, 1.0, 0.42287516259227353) ({66, 131, 276}, 1.0, 0.42287516259227353) ({4, 268, 24, 158, 287, 32, 35, 295, 172, 309, 54, 57, 186, 63, 193, 197, 198, 83, 219, 220, 221, 101, 112, 243, 254, 255}, 1.0, 0.42287516259227353) ({128, 260, 266, 12, 141, 143, 145, 275, 22, 291, 297, 44, 46, 181, 184, 64, 194, 67, 70, 73, 205, 207, 88, 230, 241, 116, 119}, 1.0, 0.42287516259227353) ({258, 300, 80, 179, 20, 280}, 1.0, 0.42287516259227353) ({39, 140, 45, 174, 271, 47, 244, 245, 149, 25, 123, 92, 156}, 1.0, 0.42287516259227353)

({195, 196, 165, 264, 168, 170, 13, 79, 208, 17, 144, 307, 148, 303, 150, 82, 240, 124}, 1.0, 0.42287516259227353) ({128, 257, 290, 67, 194, 99, 134, 230, 72, 227, 130, 203, 12, 205, 175, 47, 18, 274, 211, 58, 123}, 1.0, 0.42287516259227353) ({39, 106, 43, 142, 238, 176, 19, 53, 279, 183, 122, 60}, 1.0, 0.42287516259227353) ({0, 259, 4, 263, 265, 138, 268, 24, 28, 287, 32, 31, 35, 295, 41, 172, 302, 305, 187, 197, 198, 218, 219, 221, 97, 234, 112, 243, 246, 249, 250}, 1.0, 0.42287516259227353) ({2, 292, 38, 296, 73, 139, 141, 270, 304, 116, 118, 56, 251}, 1.0, 0.42287516259227353) ({224, 66, 131, 68, 40, 137, 200, 14, 85, 152, 284, 252, 190, 127}, 1.0, 0.42287516259227353) ({262, 10, 11, 23, 280, 285, 163, 36, 166, 169, 301, 179, 180, 309, 57, 313, 186, 189, 62, 63, 192, 193, 75, 84, 215, 220, 225, 100, 229, 237}, 1.0, 0.42287516259227353) ({261, 6, 275, 27, 158, 286, 30, 42, 44, 306, 184, 59, 70, 201, 206, 83, 88, 108, 109, 239, 254, 255}, 1.0, 0.42287516259227353) ({162, 147, 133}, 1.0, 0.42287516259227353) ({34, 258, 136, 104, 171, 173, 269, 80, 146, 20, 117, 214, 61, 191}, 1.0, 0.42287516259227353) ({1, 98, 289, 37, 231, 71, 9, 167, 140, 209, 178, 115, 276, 244, 50, 247, 216, 248, 25, 125, 222}, 1.0, 0.42287516259227353) ({256, 5, 135, 7, 267, 157, 159, 160, 161, 33, 293, 51, 308, 311, 81, 210, 89, 91, 93, 95, 236, 111}, 1.0, 0.42287516259227353) ({129, 105, 283, 294, 15}, 1.0, 0.42287516259227353) ({288, 228, 233, 202, 271, 314, 90, 188, 29, 126}, 1.0, 0.42287516259227353) ({260, 45, 174, 16, 113, 272, 273, 242, 149, 55, 153, 217, 282, 156, 92}, 1.0, 0.42287516259227353) ({291, 164, 69, 103, 199, 297, 74, 266, 204, 78, 143, 46, 48, 207, 241, 52, 277, 22, 182, 312, 26}, 1.0, 0.42287516259227353) ({185, 110}, 1.0, 0.42287516259227353) ({96, 132, 8, 77, 49, 213, 54, 310, 120, 21, 151, 155, 278, 87, 94, 223}, 1.0, 0.42287516259227353) ({101, 300, 76, 145, 121, 253}, 1.0, 0.42287516259227353)

({291, 132, 260, 164, 103, 168, 264, 266, 11, 139, 109, 78, 207, 239, 241, 306, 113, 84, 16, 201, 154}, 1.0, 0.42287516259227353) ({130, 12, 143, 22, 155, 290, 297, 44, 46, 175, 48, 70, 72, 73, 74, 205, 211, 89, 94, 227, 230, 118}, 1.0, 0.42287516259227353) ({14}, 1.0, 0.42287516259227353) ({65, 2, 292, 263, 106, 43, 144, 305, 19, 53, 56, 218, 28}, 1.0, 0.42287516259227353) ({128, 194, 67, 258, 34, 262, 237, 275, 20, 277, 246, 184, 60}, 1.0, 0.42287516259227353) ({257, 236, 13, 271, 81, 245}, 1.0, 0.42287516259227353) ({86}, 1.0, 0.42287516259227353) ({134, 135, 29, 285, 159, 288, 185, 314, 187, 189, 69, 199, 75, 210, 90, 225, 100, 102, 110, 111, 115, 126}, 1.0, 0.42287516259227353) ({224, 289, 293, 40, 137, 298, 267, 200, 50, 51, 178, 252, 222, 95}, 1.0, 0.42287516259227353) ({217, 153, 212}, 1.0, 0.42287516259227353) ({129, 1, 3, 261, 138, 10, 15, 276, 24, 26, 27, 32, 35, 294, 304, 177, 52, 308, 182, 180, 309, 57, 186, 193, 198, 220, 223, 96, 98, 229, 101, 105, 234, 112, 243, 120, 249, 250, 253, 255}, 1.0, 0.42287516259227353) ({259, 269, 145, 146, 149, 23, 31, 169, 41, 171, 300, 173, 174, 181, 312, 313, 191, 76, 214, 215, 232, 104, 235, 117, 119, 121, 251}, 1.0, 0.42287516259227353) ({0, 97, 99, 108, 47, 274, 83, 123}, 1.0, 0.42287516259227353) ({4, 136, 9, 268, 270, 21, 278, 151, 287, 163, 36, 166, 295, 296, 172, 301, 192, 197, 204, 87, 219, 221, 247}, 1.0, 0.42287516259227353) ({195, 68, 37, 38, 165, 42, 140, 302, 244, 148, 25, 283, 59, 286}, 1.0, 0.42287516259227353) ({161, 133, 7, 8, 299, 141, 18, 116, 311, 157, 93}, 1.0, 0.42287516259227353) ({272, 147, 156, 162, 39, 167, 170, 45, 303, 307, 183, 63, 196, 71, 208, 82, 216, 92, 107, 240, 248, 125}, 1.0, 0.42287516259227353) ({190, 66, 131, 85, 152, 284, 158, 127}, 1.0, 0.42287516259227353) ({226, 265, 238, 206, 176, 209, 273, 179, 80, 55, 280, 279, 281, 282, 62}, 1.0, 0.42287516259227353) ({228, 6, 233, 202, 79, 213, 54, 150, 124, 61, 30, 188}, 1.0, 0.42287516259227353)

({224, 68, 40, 137, 200, 77, 48, 49, 21, 278, 151, 87, 155, 252, 94}, 1.0, 0.42287516259227353) ({162, 232, 299, 203, 141, 172, 268, 204, 107, 18, 275, 116, 147, 88, 248, 216}, 1.0, 0.42287516259227353) ({196, 201, 170, 303, 240, 306}, 1.0, 0.42287516259227353) ({16, 113, 111}, 1.0, 0.42287516259227353) ({64, 133, 8, 265, 104, 307, 117, 214, 157, 63}, 1.0, 0.42287516259227353) ({259, 136, 11, 140, 148, 150, 283, 31, 288, 163, 36, 37, 166, 165, 41, 301, 302, 312, 314, 187, 192, 195, 86, 124}, 1.0, 0.42287516259227353) ({183}, 1.0, 0.42287516259227353) ({0, 97, 130, 227, 99, 293, 70, 7, 44, 13, 47, 274, 211, 311, 123, 93}, 1.0, 0.42287516259227353) ({256, 5, 269, 25, 159, 32, 289, 35, 173, 178, 50, 51, 180, 57, 191, 193, 222, 95, 229, 235, 114, 244, 250, 253, 125}, 1.0, 0.42287516259227353) ({14, 246}, 1.0, 0.42287516259227353) ({2, 4, 262, 135, 263, 144, 280, 26, 28, 33, 292, 294, 305, 179, 52, 182, 54, 310, 56, 62, 209, 81, 213, 89, 218, 91, 236, 237}, 1.0, 0.42287516259227353) ({34, 258, 103, 264, 168, 71, 167, 12, 205, 46, 79, 80, 271, 143, 82, 20, 245, 22, 279, 297}, 1.0, 0.42287516259227353) ({291, 260, 69, 102, 199, 106, 43, 298, 266, 171, 207, 304, 241, 146, 19, 53, 122, 186, 220, 61}, 1.0, 0.42287516259227353) ({160, 282, 9, 110, 176, 272, 210, 115, 212, 242, 273, 247, 55, 153, 90, 185, 217, 29, 126, 281}, 1.0, 0.42287516259227353) ({189, 161, 225, 255, 100, 101, 98, 231, 1, 261, 75, 76, 152, 285, 190, 127}, 1.0, 0.42287516259227353) ({66, 131, 134, 169, 202, 73, 300, 105, 15, 145, 181, 119, 284}, 1.0, 0.42287516259227353) ({128, 132, 139, 149, 154, 156, 158, 38, 45, 174, 58, 194, 67, 197, 206, 83, 215, 92, 221, 108, 109, 251, 254}, 1.0, 0.42287516259227353) ({223, 96, 198, 295, 296, 234, 138, 238, 142, 112, 270, 177, 243, 308, 24, 120, 249, 219, 60, 287}, 1.0, 0.42287516259227353) ({65, 257, 3, 228, 290, 6, 230, 72, 233, 10, 175, 277, 309, 23, 118, 313, 27, 188, 30}, 1.0, 0.42287516259227353)

({192, 115, 6, 166}, 1.0, 0.42287516259227353) ({38, 45, 304, 272, 23, 313, 92}, 1.0, 0.42287516259227353) ({10, 101}, 1.0, 0.42287516259227353) ({1, 3, 261, 13, 280, 27, 47, 177, 307, 308, 309, 57, 186, 62, 63, 193, 68, 200, 208, 220, 224, 98}, 1.0, 0.42287516259227353) ({256, 0, 4, 264, 9, 16, 273, 274, 148, 150, 281, 282, 153, 159, 32, 35, 165, 168, 180, 55, 195, 69, 199, 79, 209, 84, 212, 217, 97, 229, 102, 110, 113, 242, 246, 247, 250, 124}, 1.0, 0.42287516259227353) ({287, 191, 125, 28, 228, 197, 295, 40, 137, 298, 173, 269, 305, 219, 252, 221, 253, 61}, 1.0, 0.42287516259227353) ({291, 202, 139, 268, 172, 266, 207, 204, 241, 251, 188}, 1.0, 0.42287516259227353) ({70, 167, 44, 174, 303, 82, 83, 149, 215, 156, 254, 158}, 1.0, 0.42287516259227353) ({194, 67, 260, 230, 169, 73, 17, 181}, 1.0, 0.42287516259227353) ({160, 129, 33, 134, 135, 138, 234, 81, 210, 120, 249}, 1.0, 0.42287516259227353) ({36, 301, 302}, 1.0, 0.42287516259227353) ({257, 258, 259, 2, 263, 145, 20, 29, 31, 288, 34, 292, 41, 300, 56, 314, 76, 78, 90, 218, 103, 119, 121, 126}, 1.0, 0.42287516259227353) ({77, 255}, 1.0, 0.42287516259227353) ({130, 262, 265, 147, 24, 289, 162, 294, 178, 50, 311, 198, 211, 216, 89, 91, 222, 227, 107, 236, 237, 243, 248}, 1.0, 0.42287516259227353) ({123}, 1.0, 0.42287516259227353) ({131, 5, 7, 267, 15, 22, 152, 284, 161, 290, 293, 175, 48, 51, 312, 190, 66, 72, 74, 85, 95, 105, 127}, 1.0, 0.42287516259227353) ({65, 164, 39, 296, 106, 203, 43, 141, 270, 18, 19, 116, 277, 53, 118, 122, 60}, 1.0, 0.42287516259227353) ({37, 231, 140, 144, 244, 185, 25}, 1.0, 0.42287516259227353) ({128, 132, 133, 11, 12, 275, 154, 283, 157, 286, 285, 42, 306, 179, 184, 58, 59, 189, 201, 75, 205, 206, 88, 225, 100, 108, 109, 111, 239}, 1.0, 0.42287516259227353) ({136, 8, 142, 143, 271, 146, 21, 278, 151, 26, 155, 297, 170, 171, 46, 176, 49, 52, 182, 183, 310, 54, 196, 213, 214, 87, 226, 104, 235, 238, 240, 117, 245}, 1.0, 0.42287516259227353)

({0, 97, 225, 99, 100, 69, 102, 199, 75, 274, 179, 280, 91, 123, 285, 62, 189}, 1.0, 0.42287516259227353) ({12, 205}, 1.0, 0.42287516259227353) ({163, 36, 101, 294, 76, 300, 301, 15, 145, 147, 119, 121}, 1.0, 0.42287516259227353) ({40, 73, 137, 252}, 1.0, 0.42287516259227353) ({130, 134, 9, 141, 142, 18, 275, 166, 43, 44, 299, 176, 310, 183, 184, 54, 60, 188, 192, 65, 70, 202, 203, 211, 213, 88, 227, 228, 233, 238, 115, 116, 247, 122}, 1.0, 0.42287516259227353) ({140, 45, 174, 271, 304, 272, 244, 245, 149, 215, 25, 92, 156}, 1.0, 0.42287516259227353) ({128, 5, 135, 7, 267, 21, 151, 287, 160, 33, 293, 167, 170, 51, 311, 196, 71, 81, 82, 89, 93, 236, 240}, 1.0, 0.42287516259227353) ({269, 16, 273, 146, 19, 153, 282, 28, 171, 173, 305, 306, 180, 53, 55, 191, 201, 217, 104, 235, 108, 109, 111, 239, 113, 242, 117, 125}, 1.0, 0.42287516259227353) ({194, 219, 221, 197, 295}, 1.0, 0.42287516259227353) ({157, 133}, 1.0, 0.42287516259227353) ({257, 98, 3, 1, 37, 261, 231, 297, 46, 143, 86, 27, 283, 255}, 1.0, 0.42287516259227353) ({259, 264, 11, 148, 150, 31, 289, 165, 168, 41, 302, 48, 50, 178, 308, 195, 74, 79, 84, 222, 96, 120, 249, 124}, 1.0, 0.42287516259227353) ({208, 47, 303}, 1.0, 0.42287516259227353) ({2, 132, 263, 138, 139, 270, 144, 17, 277, 154, 26, 292, 164, 38, 296, 42, 52, 182, 56, 312, 59, 78, 218, 103, 234, 118, 251}, 1.0, 0.42287516259227353) ({224, 193, 63, 260, 68, 200, 13, 177, 309, 22, 57, 58, 186, 220, 223}, 1.0, 0.42287516259227353) ({258, 131, 4, 262, 266, 268, 276, 20, 279, 152, 281, 284, 291, 172, 66, 204, 207, 80, 209, 226, 232, 105, 237, 241, 127}, 1.0, 0.42287516259227353) ({256, 129, 95, 198, 136, 10, 77, 49, 243, 278, 87, 24, 155, 253, 94, 61}, 1.0, 0.42287516259227353) ({288, 8, 185, 314, 187, 90, 126}, 1.0, 0.42287516259227353) ({290, 169, 175, 181, 23, 313}, 1.0, 0.42287516259227353) ({32, 30, 190, 35, 286, 229, 6, 265, 107, 206, 112, 83, 85, 246, 216, 248, 158, 254}, 1.0, 0.42287516259227353)

({196, 71, 167, 201, 170, 238, 142, 240, 82, 115, 247, 125, 255}, 1.0, 0.42287516259227353) ({228, 296, 233, 202, 270, 118, 188, 61, 30}, 1.0, 0.42287516259227353) ({256, 263, 264, 138, 269, 148, 150, 28, 33, 165, 168, 173, 305, 191, 195, 79, 81, 218, 234, 235, 114, 249, 124}, 1.0, 0.42287516259227353) ({131, 260, 4, 265, 266, 268, 17, 145, 152, 291, 42, 172, 182, 183, 310, 54, 59, 190, 64, 73, 204, 206, 207, 85, 213, 216, 107, 241, 119, 248, 127}, 1.0, 0.42287516259227353) ({129, 162, 225, 100, 37, 102, 199, 231, 69, 294, 75, 137, 40, 298, 147, 86}, 1.0, 0.42287516259227353) ({104, 109, 239, 146, 306, 117, 214}, 1.0, 0.42287516259227353) ({257, 2, 258, 136, 8, 16, 273, 20, 277, 278, 151, 21, 153, 282, 157, 286, 285, 287, 34, 292, 164, 39, 295, 49, 55, 60, 189, 197, 78, 87, 217, 219, 221, 103, 113, 242}, 1.0, 0.42287516259227353) ({128, 193, 194, 67, 236, 309, 57, 186, 251, 220, 63}, 1.0, 0.42287516259227353) ({5, 267, 276, 279, 281, 159, 32, 35, 300, 176, 51, 180, 76, 80, 209, 222, 95, 226, 229, 101, 121, 250, 253}, 1.0, 0.42287516259227353) ({1, 98, 99, 3, 261, 74, 303, 208, 48, 47, 307, 144, 22, 123, 27}, 1.0, 0.42287516259227353) ({178, 50}, 1.0, 0.42287516259227353) ({224, 66, 68, 200, 105, 15, 304, 284, 252}, 1.0, 0.42287516259227353) ({65, 134, 135, 106, 299, 203, 43, 302, 111, 18, 19, 53, 122}, 1.0, 0.42287516259227353) ({130, 227, 70, 297, 12, 205, 77, 44, 143, 46, 83, 211, 89, 155}, 1.0, 0.42287516259227353) ({133, 10, 139, 141, 275, 23, 24, 26, 163, 36, 166, 169, 301, 52, 181, 184, 312, 313, 192, 198, 88, 112, 243, 116}, 1.0, 0.42287516259227353) ({56, 41, 259, 212, 31}, 1.0, 0.42287516259227353) ({160, 96, 0, 97, 140, 271, 177, 274, 244, 245, 246, 308, 120, 25, 223}, 1.0, 0.42287516259227353) ({288, 110, 185, 314, 90, 29, 126}, 1.0, 0.42287516259227353) ({156, 290, 132, 7, 72, 45, 174, 175, 149, 311, 215, 92, 93, 254, 158}, 1.0, 0.42287516259227353) ({262, 108, 237, 272, 179, 280, 62}, 1.0, 0.42287516259227353)

({160, 65, 130, 227, 228, 6, 135, 134, 233, 234, 138, 106, 202, 43, 84, 277, 249, 122, 188, 30}, 1.0, 0.42287516259227353) ({69, 102, 15}, 1.0, 0.42287516259227353) ({90, 193, 35, 68, 229, 38, 263, 42, 14, 304, 208, 180, 85, 57, 218, 250, 59, 29, 286, 126}, 1.0, 0.42287516259227353) ({0, 97, 164, 103, 108, 109, 78, 112, 274, 275, 246, 312, 184, 88, 251}, 1.0, 0.42287516259227353) ({33, 162, 294, 299, 236, 203, 141, 18, 147, 116, 216, 89, 248}, 1.0, 0.42287516259227353) ({262, 237, 271, 179, 280, 62}, 1.0, 0.42287516259227353) ({101, 7, 76, 140, 240, 210, 211, 244, 311, 121, 25, 91, 93}, 1.0, 0.42287516259227353) ({278, 99, 77, 45, 47, 272, 273, 242, 49, 87, 21, 86, 55, 151, 217, 58, 282, 156, 92, 94, 123}, 1.0, 0.42287516259227353) ({288, 95, 259, 132, 260, 5, 293, 41, 169, 267, 51, 181, 314, 31}, 1.0, 0.42287516259227353) ({264, 168, 10, 79, 243, 150, 23, 313, 124}, 1.0, 0.42287516259227353) ({96, 1, 98, 3, 34, 261, 258, 104, 80, 177, 20, 213, 214, 310, 120, 308, 54, 27, 253, 223}, 1.0, 0.42287516259227353) ({291, 196, 71, 167, 170, 266, 207, 241, 82, 52, 182, 26, 125}, 1.0, 0.42287516259227353) ({289, 66, 131, 198, 105, 74, 48, 178, 212, 309, 22, 281, 186, 220, 284}, 1.0, 0.42287516259227353) ({64, 70, 73, 44, 300, 303, 145, 83, 119, 56, 254, 158}, 1.0, 0.42287516259227353) ({195, 37, 165, 39, 296, 270, 142, 238, 176, 148, 279, 283, 60}, 1.0, 0.42287516259227353) ({161, 225, 100, 133, 8, 75, 183, 285, 222, 189}, 1.0, 0.42287516259227353) ({256, 136, 9, 11, 269, 146, 152, 28, 163, 36, 166, 171, 173, 302, 301, 305, 187, 190, 191, 192, 206, 235, 111, 115, 247, 127}, 1.0, 0.42287516259227353) ({128, 257, 2, 12, 13, 143, 144, 17, 16, 19, 149, 153, 290, 292, 297, 46, 174, 175, 306, 53, 63, 194, 67, 72, 201, 205, 215, 230, 239, 113}, 1.0, 0.42287516259227353) ({224, 129, 252, 287, 197, 231, 200, 295, 40, 107, 137, 298, 114, 118, 155, 219, 221, 61, 255}, 1.0, 0.42287516259227353) ({209, 268, 4}, 1.0, 0.42287516259227353)

({288, 259, 41, 11, 302, 271, 111, 16, 113, 212, 245, 84, 153, 90, 187, 314, 31}, 1.0, 0.42287516259227353) ({129, 33, 195, 165, 7, 168, 105, 236, 15, 79, 81, 243, 148, 150, 311, 24, 89, 124, 93}, 1.0, 0.42287516259227353) ({57, 186, 220, 309, 63}, 1.0, 0.42287516259227353) ({290, 3, 230, 263, 72, 175, 305, 218, 27, 28, 29, 126, 158}, 1.0, 0.42287516259227353) ({96, 132, 234, 138, 108, 83, 120, 249, 154}, 1.0, 0.42287516259227353) ({145, 226, 73, 300, 119}, 1.0, 0.42287516259227353) ({128, 257, 133, 19, 284, 157, 285, 160, 43, 306, 53, 182, 310, 58, 189, 194, 67, 66, 197, 201, 205, 213, 86, 221, 225, 106, 239, 122}, 1.0, 0.42287516259227353) ({192, 162, 163, 36, 294, 166, 107, 301, 147, 115, 312, 26, 251}, 1.0, 0.42287516259227353) ({64, 258, 131, 34, 103, 14, 78, 80, 276, 20, 152, 127}, 1.0, 0.42287516259227353) ({100, 69, 102, 199, 75, 242}, 1.0, 0.42287516259227353) ({130, 228, 70, 6, 233, 202, 44, 211, 180, 188, 286, 30}, 1.0, 0.42287516259227353) ({256, 134, 10, 141, 270, 18, 277, 23, 159, 164, 296, 169, 299, 181, 313, 60, 65, 203, 229, 232, 235, 116, 246, 118, 250}, 1.0, 0.42287516259227353) ({161, 291, 260, 39, 297, 266, 298, 12, 204, 46, 143, 207, 17, 241, 183, 253, 61}, 1.0, 0.42287516259227353) ({196, 5, 293, 71, 167, 170, 267, 240, 82, 51, 85, 216, 248, 125, 95}, 1.0, 0.42287516259227353) ({0, 2, 265, 140, 13, 142, 144, 273, 274, 275, 279, 280, 281, 282, 25, 35, 292, 37, 42, 303, 176, 47, 307, 179, 55, 56, 184, 59, 62, 68, 200, 76, 206, 88, 224, 97, 99, 101, 109, 238, 244, 121, 123}, 1.0, 0.42287516259227353) ({9, 77, 110, 177, 49, 308, 21, 278, 247, 151, 87, 155, 94, 223}, 1.0, 0.42287516259227353) ({32, 1, 98, 289, 261, 198, 8, 104, 74, 171, 48, 209, 146, 178, 50, 117, 22, 214, 222}, 1.0, 0.42287516259227353) ({262, 136, 137, 40, 173, 237, 45, 272, 174, 149, 215, 252, 92, 156, 191}, 1.0, 0.42287516259227353) ({255, 287, 114, 219, 295}, 1.0, 0.42287516259227353) ({210, 268, 4}, 1.0, 0.42287516259227353)

({128, 258, 5, 7, 267, 272, 20, 29, 31, 288, 34, 293, 45, 51, 183, 311, 314, 194, 67, 197, 73, 80, 90, 92, 93, 221, 95, 126}, 1.0, 0.42287516259227353) ({193, 208, 309, 57, 186, 220, 63}, 1.0, 0.42287516259227353) ({66, 291, 131, 162, 294, 265, 266, 105, 107, 15, 241, 147, 85, 152, 89, 248, 216, 284, 127}, 1.0, 0.42287516259227353) ({0, 97, 35, 229, 275, 246, 184, 88}, 1.0, 0.42287516259227353) ({164, 39, 8, 103, 10, 139, 299, 203, 78, 169, 18, 277, 87, 23, 313}, 1.0, 0.42287516259227353) ({256, 235}, 1.0, 0.42287516259227353) ({250, 28, 125}, 1.0, 0.42287516259227353) ({65, 134, 135, 296, 106, 43, 13, 174, 270, 16, 113, 307, 19, 149, 117, 215, 214, 153, 118, 53, 122}, 1.0, 0.42287516259227353) ({136, 104, 171, 173, 269, 146, 279, 218, 191}, 1.0, 0.42287516259227353) ({224, 68, 200, 243, 116, 24, 59, 252}, 1.0, 0.42287516259227353) ({77, 110, 49, 278, 185, 281, 155, 94}, 1.0, 0.42287516259227353) ({129, 142, 273, 276, 282, 160, 298, 176, 55, 188, 60, 61, 202, 210, 217, 226, 228, 231, 233, 238, 242, 253, 255}, 1.0, 0.42287516259227353) ({4, 295, 40, 137, 204, 172, 268, 304, 219}, 1.0, 0.42287516259227353) ({260, 22}, 1.0, 0.42287516259227353) ({1, 98, 3, 196, 101, 38, 198, 71, 167, 261, 170, 112, 82, 27}, 1.0, 0.42287516259227353) ({259, 132, 133, 262, 264, 12, 143, 271, 148, 150, 280, 283, 157, 285, 33, 161, 37, 165, 168, 41, 297, 46, 47, 179, 58, 189, 62, 195, 69, 199, 75, 205, 79, 81, 86, 91, 225, 99, 100, 102, 236, 237, 245, 251, 123, 124}, 1.0, 0.42287516259227353) ({254, 30, 2, 227, 292, 130, 6, 290, 72, 70, 230, 44, 175, 144, 83, 211, 181, 56, 158, 286}, 1.0, 0.42287516259227353) ({138, 145, 21, 151, 26, 287, 300, 303, 177, 308, 52, 54, 310, 312, 182, 213, 223, 96, 234, 240, 119, 120, 121, 249}, 1.0, 0.42287516259227353) ({9, 32, 289, 163, 36, 166, 301, 48, 306, 50, 178, 192, 201, 74, 206, 209, 222, 232, 109, 239, 115, 247}, 1.0, 0.42287516259227353) ({11, 140, 302, 111, 244, 25, 187}, 1.0, 0.42287516259227353)

({2, 292, 136, 104, 171, 173, 269, 144, 146, 117, 214, 56, 191}, 1.0, 0.42287516259227353) ({66, 131, 105, 304, 276, 152, 284, 127}, 1.0, 0.42287516259227353) ({133, 6, 8, 266, 14, 281, 157, 286, 30, 177, 308, 185, 59, 188, 61, 202, 204, 209, 223, 228, 233, 241, 252}, 1.0, 0.42287516259227353) ({35, 229, 297, 46, 143, 208, 305, 180, 246, 250, 28, 125}, 1.0, 0.42287516259227353) ({128, 58, 194, 67}, 1.0, 0.42287516259227353) ({192, 36, 166, 9, 301, 115, 247, 187}, 1.0, 0.42287516259227353) ({129, 162, 33, 262, 294, 40, 137, 298, 107, 236, 237, 15, 81, 210, 147, 89}, 1.0, 0.42287516259227353) ({132, 70, 265, 44, 83, 248, 216, 158, 254}, 1.0, 0.42287516259227353) ({296, 139, 76, 270, 16, 113, 242, 277, 118, 215, 121, 217, 153, 60}, 1.0, 0.42287516259227353) ({258, 5, 7, 267, 140, 271, 19, 20, 279, 25, 283, 161, 34, 164, 293, 37, 39, 43, 51, 53, 311, 78, 80, 86, 93, 95, 226, 231, 103, 106, 114, 244, 245, 122}, 1.0, 0.42287516259227353) ({130, 260, 12, 142, 272, 145, 149, 156, 290, 169, 45, 174, 175, 176, 181, 69, 199, 72, 73, 211, 92, 102, 230, 238, 119}, 1.0, 0.42287516259227353) ({10, 23, 24, 26, 42, 306, 52, 309, 54, 182, 312, 313, 186, 310, 57, 190, 63, 193, 198, 201, 213, 220, 96, 239, 243}, 1.0, 0.42287516259227353) ({263, 240, 303}, 1.0, 0.42287516259227353) ({32, 288, 259, 41, 90, 314, 29, 31}, 1.0, 0.42287516259227353) ({287, 225, 100, 197, 4, 295, 75, 172, 268, 112, 219, 189, 285, 221}, 1.0, 0.42287516259227353) ({134, 138, 11, 141, 18, 275, 22, 299, 302, 48, 50, 178, 184, 65, 74, 203, 212, 84, 88, 232, 234, 111, 116, 249}, 1.0, 0.42287516259227353) ({99, 13, 47, 17, 274, 307, 21, 87, 151, 123}, 1.0, 0.42287516259227353) ({256, 224, 97, 0, 257, 68, 255, 3, 200, 98, 1, 235, 261, 77, 278, 155, 27, 94, 159}, 1.0, 0.42287516259227353) ({64, 291, 168, 79, 207, 273, 55, 282}, 1.0, 0.42287516259227353) ({195, 196, 165, 71, 167, 170, 108, 109, 206, 82, 179, 148, 150, 280, 154, 91, 222, 62}, 1.0, 0.42287516259227353)

({32, 30, 35, 195, 165, 6, 228, 233, 202, 14, 148, 59, 188, 61, 286, 222}, 1.0, 0.42287516259227353) ({160, 1, 98, 231, 114, 255}, 1.0, 0.42287516259227353) ({291, 5, 71, 167, 266, 237, 207, 241, 51, 179, 118, 280, 125, 62, 95}, 1.0, 0.42287516259227353) ({129, 135, 15, 81, 181, 89}, 1.0, 0.42287516259227353) ({66, 131, 105, 235, 43, 19, 53, 152, 122, 284, 127}, 1.0, 0.42287516259227353) ({289, 162, 107, 48, 178, 50, 212, 147, 216, 248}, 1.0, 0.42287516259227353) ({130, 138, 11, 17, 145, 154, 26, 163, 36, 170, 300, 44, 302, 301, 52, 196, 70, 73, 76, 82, 211, 84, 96, 227, 101, 234, 240, 119, 120, 121, 249}, 1.0, 0.42287516259227353) ({128, 257, 3, 261, 9, 27, 287, 290, 166, 175, 58, 187, 192, 194, 67, 197, 72, 205, 221, 230, 111, 115, 247}, 1.0, 0.42287516259227353) ({4, 198, 232, 104, 171, 204, 173, 269, 268, 172, 209, 146, 117, 214, 191}, 1.0, 0.42287516259227353) ({288, 259, 49, 21, 278, 151, 87, 314, 31}, 1.0, 0.42287516259227353) ({256, 133, 7, 136, 8, 137, 267, 157, 285, 159, 161, 293, 40, 298, 311, 189, 68, 200, 75, 86, 93, 224, 225, 100, 252}, 1.0, 0.42287516259227353) ({141, 270, 142, 273, 18, 275, 149, 153, 282, 156, 296, 299, 45, 174, 176, 180, 55, 184, 57, 60, 193, 69, 199, 203, 88, 217, 92, 229, 102, 238, 113, 242, 116, 246, 250}, 1.0, 0.42287516259227353) ({190, 264, 168, 42, 10, 108, 109, 169, 206, 265, 177, 243, 308, 85, 83, 23, 24, 313, 158, 254}, 1.0, 0.42287516259227353) ({226, 294, 13, 303, 208, 47, 210, 307, 144, 309, 279, 281, 186, 220, 253, 63}, 1.0, 0.42287516259227353) ({272, 39}, 1.0, 0.42287516259227353) ({2, 260, 292, 263, 46, 143, 215, 56, 218, 28}, 1.0, 0.42287516259227353) ({258, 140, 271, 20, 25, 29, 34, 37, 306, 310, 183, 54, 185, 65, 201, 80, 213, 90, 219, 239, 244, 245, 126}, 1.0, 0.42287516259227353) ({297, 155, 12, 77}, 1.0, 0.42287516259227353) ({283, 124, 79}, 1.0, 0.42287516259227353) ({0, 97, 99, 164, 38, 103, 139, 78, 304, 274, 277, 182, 312, 251, 123}, 1.0, 0.42287516259227353)

({224, 129, 40, 137, 298, 54, 252, 61}, 1.0, 0.42287516259227353) ({127, 31, 29, 259, 288, 5, 293, 7, 41, 267, 110, 311, 152, 185, 314, 187, 90, 93, 126, 95}, 1.0, 0.42287516259227353) ({130, 227, 99, 70, 296, 73, 300, 44, 238, 270, 176, 145, 211, 118, 119, 123, 60}, 1.0, 0.42287516259227353) ({256, 68, 136, 104, 235, 171, 173, 269, 146, 117, 86, 214, 191}, 1.0, 0.42287516259227353) ({11}, 1.0, 0.42287516259227353) ({0, 97, 197, 266, 77, 221, 94}, 1.0, 0.42287516259227353) ({138, 280, 154, 158, 177, 179, 308, 309, 310, 186, 190, 63, 62, 76, 206, 208, 83, 213, 85, 91, 220, 223, 96, 234, 108, 120, 249, 121, 254}, 1.0, 0.42287516259227353) ({257, 162, 261, 38, 265, 107, 147, 275, 184, 88, 216, 59, 248}, 1.0, 0.42287516259227353) ({226, 195, 228, 37, 165, 233, 202, 274, 243, 148, 150, 24, 188, 253, 124}, 1.0, 0.42287516259227353) ({258, 34, 39, 45, 174, 80, 272, 20, 149, 183, 215, 56, 92, 156}, 1.0, 0.42287516259227353) ({132, 8, 12, 205, 79, 49, 21, 278, 151, 87, 58, 155, 157}, 1.0, 0.42287516259227353) ({128, 260, 264, 10, 17, 19, 22, 23, 290, 291, 168, 169, 43, 175, 306, 181, 53, 313, 194, 67, 72, 201, 207, 230, 106, 239, 122}, 1.0, 0.42287516259227353) ({294, 14, 15}, 1.0, 0.42287516259227353) ({32, 289, 66, 196, 101, 198, 167, 71, 105, 112, 209, 114, 82, 178, 50, 284, 125, 222}, 1.0, 0.42287516259227353) ({100, 4, 6, 232, 75, 204, 268, 172, 16, 113, 273, 242, 55, 153, 217, 282, 286, 30}, 1.0, 0.42287516259227353) ({287, 1, 98, 2, 292, 231, 295, 302, 303, 240, 144, 52, 312, 26, 251, 219, 255}, 1.0, 0.42287516259227353) ({225, 133, 297, 140, 13, 143, 271, 47, 244, 245, 25, 281, 285, 189}, 1.0, 0.42287516259227353) ({160, 65, 3, 134, 135, 9, 299, 203, 141, 210, 115, 116, 18, 247, 27}, 1.0, 0.42287516259227353) ({192, 33, 163, 36, 166, 262, 236, 301, 237, 48, 81, 182, 89}, 1.0, 0.42287516259227353) ({193, 35, 164, 69, 102, 199, 103, 229, 263, 78, 304, 305, 84, 277, 246, 180, 57, 250, 218, 28}, 1.0, 0.42287516259227353)

({160, 262, 299, 203, 237, 141, 210, 18, 116, 275, 184, 88, 281, 29, 222}, 1.0, 0.42287516259227353) ({100, 69, 199, 263, 139, 75, 215, 216, 248, 218}, 1.0, 0.42287516259227353) ({225, 228, 6, 59, 189, 30, 286}, 1.0, 0.42287516259227353) ({130, 264, 16, 273, 23, 153, 282, 168, 169, 44, 55, 313, 187, 70, 79, 211, 217, 90, 227, 111, 113, 242}, 1.0, 0.42287516259227353) ({233, 202}, 1.0, 0.42287516259227353) ({310, 54}, 1.0, 0.42287516259227353) ({129, 162, 2, 292, 294, 104, 107, 14, 15, 303, 144, 307, 147, 117, 214, 56}, 1.0, 0.42287516259227353) ({63, 1, 98, 3, 193, 261, 224, 68, 200, 11, 302, 84, 309, 57, 314, 27, 220, 186, 31}, 1.0, 0.42287516259227353) ({128, 194, 67, 7, 9, 110, 177, 115, 247, 185, 93, 223}, 1.0, 0.42287516259227353) ({32, 226, 35, 195, 4, 204, 268, 142, 238, 172, 209, 80, 176, 276, 148, 180, 279, 250, 60, 253}, 1.0, 0.42287516259227353) ({258, 34, 164, 38, 103, 296, 270, 78, 304, 208, 17, 305, 20, 277, 118, 28}, 1.0, 0.42287516259227353) ({0, 137, 140, 274, 150, 25, 283, 289, 163, 36, 165, 166, 37, 40, 298, 301, 50, 61, 192, 97, 99, 231, 244, 123, 252}, 1.0, 0.42287516259227353) ({259, 260, 74, 207, 48, 178, 52, 182, 22, 312, 26, 251}, 1.0, 0.42287516259227353) ({196, 232, 10, 170, 47, 240, 82}, 1.0, 0.42287516259227353) ({257, 197, 295, 243, 24, 219, 221, 287}, 1.0, 0.42287516259227353) ({161, 133, 8, 77, 49, 21, 86, 151, 278, 87, 155, 157, 94}, 1.0, 0.42287516259227353) ({256, 131, 5, 134, 135, 136, 267, 269, 146, 19, 284, 33, 293, 167, 171, 43, 173, 51, 53, 191, 66, 71, 81, 89, 95, 105, 106, 235, 236, 122, 125}, 1.0, 0.42287516259227353) ({65, 291, 229, 201, 266, 45, 174, 272, 241, 149, 246, 183, 156, 92}, 1.0, 0.42287516259227353) ({96, 101, 198, 234, 112, 308, 120, 249}, 1.0, 0.42287516259227353) ({132, 265, 12, 271, 143, 145, 152, 280, 154, 158, 290, 297, 42, 300, 46, 175, 306, 179, 62, 190, 72, 73, 76, 206, 83, 85, 91, 230, 108, 109, 239, 245, 119, 121, 254, 127}, 1.0, 0.42287516259227353)

({283, 215}, 1.0, 0.42287516259227353) ({291, 4, 164, 296, 234, 11, 138, 266, 268, 172, 204, 241, 270, 84, 277, 118, 249, 60}, 1.0, 0.42287516259227353) ({288, 128, 194, 67, 103, 78, 147, 314}, 1.0, 0.42287516259227353) ({96, 129, 202, 110, 273, 115, 212, 247, 120, 55, 281, 282, 61}, 1.0, 0.42287516259227353) ({154, 179}, 1.0, 0.42287516259227353) ({257, 262, 237, 308, 280, 62, 223}, 1.0, 0.42287516259227353) ({75, 100, 69, 199}, 1.0, 0.42287516259227353) ({228, 6, 233, 142, 79, 47, 188, 30}, 1.0, 0.42287516259227353) ({297, 46, 143, 271, 15, 245, 311, 93}, 1.0, 0.42287516259227353) ({224, 252, 68}, 1.0, 0.42287516259227353) ({133, 7, 136, 264, 8, 267, 12, 146, 285, 157, 161, 290, 293, 166, 168, 171, 175, 58, 189, 192, 72, 205, 86, 214, 89, 91, 95, 225, 230, 104, 236, 117}, 1.0, 0.42287516259227353) ({73, 13, 145, 119, 186, 27, 220, 63}, 1.0, 0.42287516259227353) ({65, 98, 1, 261, 201, 106, 43, 108, 77, 109, 239, 112, 306, 19, 53, 122, 155}, 1.0, 0.42287516259227353) ({0, 130, 5, 135, 274, 29, 158, 159, 44, 51, 185, 187, 70, 210, 83, 211, 90, 97, 99, 227, 111, 246, 123, 126, 254}, 1.0, 0.42287516259227353) ({260, 10, 17, 275, 21, 278, 23, 151, 24, 286, 169, 42, 45, 49, 181, 184, 313, 59, 64, 198, 87, 88, 92, 243}, 1.0, 0.42287516259227353) ({193, 289, 163, 37, 229, 74, 140, 301, 48, 178, 50, 180, 309, 244, 52, 312, 57, 25, 251, 26, 222}, 1.0, 0.42287516259227353) ({256, 258, 265, 272, 276, 20, 22, 279, 32, 35, 304, 176, 183, 207, 80, 209, 85, 216, 226, 232, 107, 248, 253}, 1.0, 0.42287516259227353) ({34, 195, 165, 39, 148, 213, 54, 310, 182, 124}, 1.0, 0.42287516259227353) ({2, 134, 263, 137, 141, 16, 144, 18, 149, 153, 28, 33, 292, 40, 298, 299, 170, 174, 303, 305, 56, 196, 203, 208, 81, 82, 217, 218, 240, 113, 242, 116}, 1.0, 0.42287516259227353) ({127, 259, 131, 269, 152, 284, 31, 287, 167, 295, 41, 300, 173, 302, 190, 191, 66, 197, 71, 76, 219, 221, 101, 105, 235, 114, 121, 250, 125, 255}, 1.0, 0.42287516259227353)

({160, 65, 192, 134, 135, 166, 9, 110, 273, 114, 210, 242, 115, 247, 55, 185, 250, 217, 282}, 1.0, 0.42287516259227353) ({292, 296, 74, 13, 270, 303, 208, 48, 144, 176, 142, 238, 60, 63}, 1.0, 0.42287516259227353) ({260, 133, 264, 139, 12, 14, 15, 17, 147, 277, 279, 23, 162, 294, 39, 168, 169, 47, 304, 307, 181, 311, 313, 58, 64, 205, 79, 216, 93, 99, 230, 107, 240, 118, 248, 251, 123}, 1.0, 0.42287516259227353) ({1, 226, 98, 290, 3, 261, 263, 72, 45, 174, 175, 272, 149, 183, 218, 27, 28, 156, 92}, 1.0, 0.42287516259227353) ({4, 6, 268, 141, 18, 275, 24, 30, 286, 32, 170, 299, 172, 188, 196, 198, 202, 203, 209, 222, 228, 233, 112, 116}, 1.0, 0.42287516259227353) ({281, 308, 223}, 1.0, 0.42287516259227353) ({88, 201, 108, 109, 206}, 1.0, 0.42287516259227353) ({132, 269, 146, 158, 161, 171, 44, 173, 180, 309, 57, 186, 187, 191, 193, 70, 211, 83, 214, 91, 220, 104, 117, 254}, 1.0, 0.42287516259227353) ({33, 289, 129, 232, 137, 40, 298, 236, 81, 50, 178, 276, 22, 252, 253, 61}, 1.0, 0.42287516259227353) ({128, 34, 194, 164, 67, 291, 103, 78, 20}, 1.0, 0.42287516259227353) ({96, 225, 266, 204, 207, 241, 21, 151, 120, 87, 285, 189}, 1.0, 0.42287516259227353) ({130, 227, 101, 105, 140, 300, 76, 145, 119, 215, 25, 121}, 1.0, 0.42287516259227353) ({287, 97, 195, 37, 165, 231, 295, 197, 106, 43, 16, 113, 212, 148, 89, 122, 283, 219, 153, 221, 255}, 1.0, 0.42287516259227353) ({131, 262, 19, 280, 152, 284, 167, 305, 306, 179, 53, 59, 62, 190, 66, 68, 71, 200, 82, 224, 237, 239, 125, 127}, 1.0, 0.42287516259227353) ({85}, 1.0, 0.42287516259227353) ({288, 259, 229, 41, 297, 46, 143, 245, 314, 90, 29, 126, 31}, 1.0, 0.42287516259227353) ({100, 69, 102, 199, 10, 235, 75, 77, 49, 246, 278, 155, 94, 159}, 1.0, 0.42287516259227353) ({163, 36, 293, 7, 136, 8, 267, 301, 302, 51, 52, 213, 54, 310, 182, 312, 26, 157, 95}, 1.0, 0.42287516259227353) ({257, 73, 234, 11, 138, 84, 249}, 1.0, 0.42287516259227353) ({80, 124}, 1.0, 0.42287516259227353)

({66, 198, 232, 10, 112, 243, 23, 24, 313, 284}, 1.0, 0.42287516259227353) ({256, 159, 190, 191, 136, 104, 171, 235, 173, 269, 146, 83, 85, 152, 158, 127}, 1.0, 0.42287516259227353) ({224, 161, 291, 68, 6, 200, 201, 42, 266, 172, 268, 109, 239, 207, 204, 306, 241, 59, 252, 30, 286}, 1.0, 0.42287516259227353) ({193, 264, 12, 79, 180, 309, 57, 283}, 1.0, 0.42287516259227353) ({96, 273, 177, 275, 308, 184, 88, 282, 281, 120, 223}, 1.0, 0.42287516259227353) ({258, 8, 297, 140, 46, 143, 271, 272, 80, 244, 20, 54, 183, 245, 25, 189}, 1.0, 0.42287516259227353) ({194, 67, 73, 169, 76, 300, 17, 145, 181, 119, 121}, 1.0, 0.42287516259227353) ({225, 133, 262, 7, 108, 237, 206, 179, 86, 311, 280, 150, 124, 157, 93, 62}, 1.0, 0.42287516259227353) ({208, 305, 251, 125}, 1.0, 0.42287516259227353) ({1, 2, 3, 132, 261, 144, 154, 27, 290, 163, 292, 36, 166, 170, 301, 302, 303, 175, 307, 192, 196, 72, 214, 98, 240, 117}, 1.0, 0.42287516259227353) ({288, 34, 229, 103, 45, 14, 78, 304, 174, 149, 246, 215, 314, 92, 156}, 1.0, 0.42287516259227353) ({234, 11, 299, 203, 141, 16, 113, 242, 18, 212, 116, 84, 217, 249, 153}, 1.0, 0.42287516259227353) ({64, 128, 129, 228, 134, 40, 233, 298, 106, 43, 13, 202, 19, 53, 186, 122, 220, 61, 188, 63}, 1.0, 0.42287516259227353) ({39, 296, 270, 142, 238, 176, 118, 279, 60}, 1.0, 0.42287516259227353) ({0, 97, 99, 5, 230, 293, 267, 205, 274, 51, 123, 95}, 1.0, 0.42287516259227353) ({32, 35, 4, 101, 37, 231, 209, 255}, 1.0, 0.42287516259227353) ({289, 259, 100, 164, 102, 263, 199, 41, 69, 75, 74, 48, 50, 178, 277, 22, 56, 218, 28, 222, 31}, 1.0, 0.42287516259227353) ({71, 167, 77, 49, 82, 52, 213, 182, 278, 312, 26, 155, 94}, 1.0, 0.42287516259227353) ({130, 135, 15, 147, 148, 29, 287, 160, 33, 162, 165, 294, 295, 44, 185, 187, 195, 197, 70, 81, 210, 211, 89, 90, 91, 219, 221, 227, 105, 236, 110, 111, 126}, 1.0, 0.42287516259227353) ({9, 265, 107, 47, 115, 21, 151, 216, 248, 87}, 1.0, 0.42287516259227353)

({33, 2, 292, 262, 236, 237, 303, 208, 81, 144, 179, 279, 280, 56, 62, 223}, 1.0, 0.42287516259227353) ({131, 263, 143, 19, 152, 284, 28, 286, 158, 289, 46, 305, 50, 306, 53, 312, 190, 66, 201, 83, 218, 108, 239, 254, 127}, 1.0, 0.42287516259227353) ({196, 71, 167, 170, 111, 240, 273, 82, 16, 212, 84, 113, 55, 242, 217, 282, 153, 125}, 1.0, 0.42287516259227353) ({139, 142, 270, 17, 275, 277, 38, 296, 304, 176, 178, 48, 184, 59, 60, 64, 68, 200, 74, 88, 224, 238, 118, 251}, 1.0, 0.42287516259227353) ({193, 229, 265, 206, 180, 309, 57, 250}, 1.0, 0.42287516259227353) ({256, 161, 69, 102, 199, 271, 244, 245, 248, 216, 25, 159}, 1.0, 0.42287516259227353) ({198, 232, 266, 10, 204, 241, 243, 117, 214, 23, 24, 313}, 1.0, 0.42287516259227353) ({128, 257, 3, 133, 7, 8, 13, 27, 285, 157, 297, 175, 47, 307, 311, 58, 186, 189, 63, 75, 205, 86, 220, 93, 225, 100}, 1.0, 0.42287516259227353) ({132, 260, 264, 11, 12, 22, 154, 290, 163, 36, 291, 168, 169, 43, 301, 302, 181, 187, 72, 73, 79, 207, 230, 122}, 1.0, 0.42287516259227353) ({192, 194, 67, 228, 197, 6, 166, 233, 202, 14, 188, 221, 61, 30}, 1.0, 0.42287516259227353) ({160, 4, 37, 9, 172, 268, 110, 140, 114, 210, 115, 247, 185}, 1.0, 0.42287516259227353) ({65, 130, 227, 134, 135, 299, 203, 141, 18, 147, 52, 116, 211, 310, 213, 89, 26, 91, 182, 54}, 1.0, 0.42287516259227353) ({0, 97, 99, 164, 261, 70, 44, 174, 274, 149, 215, 123}, 1.0, 0.42287516259227353) ({32, 98, 222}, 1.0, 0.42287516259227353) ({287, 219, 252, 295}, 1.0, 0.42287516259227353) ({136, 104, 235, 171, 173, 77, 269, 49, 146, 21, 278, 87, 155, 94, 191}, 1.0, 0.42287516259227353) ({259, 5, 138, 267, 150, 29, 31, 288, 165, 293, 41, 51, 308, 314, 195, 78, 209, 90, 95, 96, 103, 234, 120, 249, 124, 126}, 1.0, 0.42287516259227353) ({129, 258, 35, 34, 101, 294, 40, 137, 298, 300, 76, 112, 80, 145, 20, 119, 121, 253}, 1.0, 0.42287516259227353) ({272, 226, 156, 92, 45}, 1.0, 0.42287516259227353) ({109}, 1.0, 0.42287516259227353)

({262, 265, 140, 143, 271, 280, 25, 37, 297, 46, 179, 62, 206, 83, 91, 97, 231, 236, 237, 244, 245, 246}, 1.0, 0.42287516259227353) ({162, 294, 39, 107, 147, 276, 213, 54, 183, 310, 52, 26, 216, 248, 251, 182}, 1.0, 0.42287516259227353) ({99, 201, 11, 13, 239, 47, 306, 19, 53, 123}, 1.0, 0.42287516259227353) ({257, 2, 163, 36, 195, 165, 263, 264, 168, 292, 301, 302, 303, 240, 79, 144, 148, 150, 56, 218, 124}, 1.0, 0.42287516259227353) ({228, 196, 6, 170, 273, 82, 212, 55, 281, 282, 30, 286}, 1.0, 0.42287516259227353) ({193, 100, 69, 102, 199, 75, 252}, 1.0, 0.42287516259227353) ({129, 130, 260, 4, 266, 268, 16, 149, 153, 291, 169, 172, 174, 202, 204, 207, 211, 217, 227, 113, 242, 241}, 1.0, 0.42287516259227353) ({128, 132, 139, 12, 141, 275, 154, 157, 38, 42, 184, 58, 59, 65, 194, 67, 68, 205, 215, 88, 230, 108, 109, 116}, 1.0, 0.42287516259227353) ({192, 66, 70, 166, 9, 105, 44, 115, 247, 185, 187, 284}, 1.0, 0.42287516259227353) ({80, 258, 267, 20, 274}, 1.0, 0.42287516259227353) ({35, 71, 167, 235, 171, 173, 269, 305, 146, 125, 158, 191}, 1.0, 0.42287516259227353) ({188, 61}, 1.0, 0.42287516259227353) ({34, 164, 229, 103, 78, 208, 180, 277, 312, 28}, 1.0, 0.42287516259227353) ({96, 134, 135, 234, 299, 203, 77, 138, 111, 177, 210, 18, 308, 23, 120, 313, 89, 249, 94, 223}, 1.0, 0.42287516259227353) ({3, 261, 136, 8, 272, 145, 21, 278, 151, 22, 155, 27, 290, 45, 175, 48, 49, 200, 72, 74, 73, 87, 92, 224, 98, 119}, 1.0, 0.42287516259227353) ({288, 31, 259, 41, 90, 314, 126, 255}, 1.0, 0.42287516259227353) ({33, 226, 40, 137, 298, 104, 106, 43, 142, 238, 176, 81, 117, 214, 122, 60, 156}, 1.0, 0.42287516259227353) ({256, 287, 197, 295, 296, 270, 243, 84, 86, 118, 24, 219, 221, 159}, 1.0, 0.42287516259227353) ({133, 7, 10, 285, 161, 289, 300, 304, 50, 178, 181, 309, 311, 186, 189, 63, 198, 76, 209, 220, 93, 222, 225, 101, 232, 112, 121}, 1.0, 0.42287516259227353) ({95, 131, 14, 51, 85, 152, 190, 127}, 1.0, 0.42287516259227353)

({134, 65, 157, 285, 133}, 1.0, 0.42287516259227353) ({70, 203, 44, 299, 141, 111, 18, 211, 116, 275, 184, 88}, 1.0, 0.42287516259227353) ({96, 73, 138, 300, 145, 84, 119, 120, 249}, 1.0, 0.42287516259227353) ({68, 42, 139, 12, 173, 269, 17, 52, 312, 26, 251, 191}, 1.0, 0.42287516259227353) ({286, 30, 66, 195, 131, 2, 292, 165, 6, 233, 228, 212, 148, 150, 308, 281, 59, 284, 124, 188, 223}, 1.0, 0.42287516259227353) ({136}, 1.0, 0.42287516259227353) ({263, 270, 142, 279, 280, 155, 28, 158, 296, 176, 305, 179, 56, 60, 190, 62, 77, 206, 83, 218, 94, 229, 235, 238, 250, 125, 254}, 1.0, 0.42287516259227353) ({135, 49, 278, 151, 87, 89}, 1.0, 0.42287516259227353) ({288, 193, 162, 259, 100, 69, 102, 4, 41, 75, 147, 180, 309, 57, 314, 31}, 1.0, 0.42287516259227353) ({129, 7, 137, 15, 276, 24, 32, 289, 35, 294, 40, 298, 304, 178, 50, 311, 61, 198, 76, 209, 93, 222, 101, 232, 105, 112, 243, 121, 253}, 1.0, 0.42287516259227353) ({1, 290, 98, 3, 261, 39, 45, 174, 175, 272, 149, 215, 27, 92, 156}, 1.0, 0.42287516259227353) ({0, 97, 258, 34, 164, 103, 265, 107, 78, 80, 274, 20, 85, 246, 248, 216}, 1.0, 0.42287516259227353) ({33, 291, 99, 266, 172, 13, 237, 268, 204, 241, 81, 236, 47, 123}, 1.0, 0.42287516259227353) ({196, 167, 71, 170, 267, 82}, 1.0, 0.42287516259227353) ({115, 230, 247}, 1.0, 0.42287516259227353) ({192, 161, 225, 163, 132, 36, 166, 264, 168, 11, 109, 302, 79, 301, 58, 187, 154}, 1.0, 0.42287516259227353) ({208, 144, 240, 307, 303}, 1.0, 0.42287516259227353) ({256, 257, 128, 5, 140, 16, 153, 25, 283, 159, 287, 37, 295, 297, 51, 194, 67, 197, 86, 219, 221, 95, 231, 113, 114, 244, 118, 255}, 1.0, 0.42287516259227353) ({130, 260, 10, 273, 22, 23, 282, 169, 43, 48, 181, 55, 313, 74, 202, 207, 217, 227, 106, 110, 242, 122}, 1.0, 0.42287516259227353) ({8, 143, 271, 146, 19, 152, 29, 171, 306, 53, 182, 183, 310, 185, 186, 54, 63, 200, 201, 213, 214, 90, 220, 224, 226, 104, 239, 245, 117, 252, 126, 127}, 1.0, 0.42287516259227353)

({269, 152, 26, 32, 35, 163, 36, 166, 173, 301, 305, 52, 182, 312, 187, 191, 192, 76, 101, 112, 115, 121, 250, 125, 127}, 1.0, 0.42287516259227353) ({264, 266, 12, 18, 148, 150, 281, 283, 291, 165, 168, 177, 308, 310, 54, 185, 195, 69, 199, 79, 213, 223, 96, 102, 110, 241, 120, 124}, 1.0, 0.42287516259227353) ({224, 200, 137, 40, 272, 183, 90, 252, 29, 126}, 1.0, 0.42287516259227353) ({259, 196, 71, 167, 41, 234, 171, 170, 11, 302, 16, 113, 146, 82, 84, 249, 154, 153, 31}, 1.0, 0.42287516259227353) ({189, 225, 99, 132, 100, 70, 231, 75, 108, 13, 44, 206, 47, 179, 212, 83, 91, 123, 285, 158, 254}, 1.0, 0.42287516259227353) ({136, 104, 278}, 1.0, 0.42287516259227353) ({273, 282}, 1.0, 0.42287516259227353) ({64, 38, 265, 42, 85, 216, 248, 59, 286}, 1.0, 0.42287516259227353) ({289, 74, 207, 48, 50, 178, 22}, 1.0, 0.42287516259227353) ({160, 130, 227, 228, 233, 202, 114, 211, 188}, 1.0, 0.42287516259227353) ({287, 193, 4, 295, 268, 172, 180, 309, 57, 186, 219, 63}, 1.0, 0.42287516259227353) ({0, 97, 229, 45, 304, 274, 246, 217, 92}, 1.0, 0.42287516259227353) ({128, 257, 129, 133, 5, 7, 267, 271, 143, 145, 147, 157, 162, 293, 294, 297, 298, 299, 300, 46, 51, 311, 58, 61, 194, 67, 197, 73, 203, 205, 86, 221, 93, 95, 230, 107, 245, 119}, 1.0, 0.42287516259227353) ({65, 260, 6, 39, 169, 201, 109, 174, 239, 306, 181, 149, 215, 251, 156, 30}, 1.0, 0.42287516259227353) ({256, 296, 9, 235, 77, 141, 270, 142, 238, 176, 275, 116, 118, 247, 184, 88, 155, 60, 94}, 1.0, 0.42287516259227353) ({288, 66, 131, 8, 105, 204, 209, 307, 21, 117, 214, 151, 87, 314, 284}, 1.0, 0.42287516259227353) ({290, 226, 175, 80, 279, 253}, 1.0, 0.42287516259227353) ({134, 135, 198, 10, 106, 236, 43, 81, 243, 19, 277, 53, 23, 24, 313, 89, 122}, 1.0, 0.42287516259227353) ({1, 98, 3, 2, 261, 292, 263, 15, 208, 144, 56, 218, 27, 28, 255}, 1.0, 0.42287516259227353) ({258, 34, 164, 37, 262, 103, 140, 237, 78, 303, 240, 244, 20, 280, 25}, 1.0, 0.42287516259227353)

({64, 289, 297, 74, 140, 46, 143, 271, 48, 50, 178, 244, 245, 22, 222}, 1.0, 0.42287516259227353) ({288, 33, 195, 262, 295, 231, 265, 107, 236, 237, 81, 216, 248, 314, 219, 90, 29, 126}, 1.0, 0.42287516259227353) ({185, 172, 173, 268, 191}, 1.0, 0.42287516259227353) ({1, 132, 261, 13, 19, 280, 154, 158, 287, 306, 179, 180, 53, 309, 57, 186, 62, 63, 193, 201, 206, 83, 91, 220, 98, 229, 108, 109, 239, 254, 255}, 1.0, 0.42287516259227353) ({162, 294, 15, 47, 49, 307, 147, 21, 278, 23, 151, 313, 87}, 1.0, 0.42287516259227353) ({120, 177, 96, 169, 308}, 1.0, 0.42287516259227353) ({300, 119}, 1.0, 0.42287516259227353) ({0, 65, 97, 99, 134, 135, 264, 168, 79, 274, 275, 150, 88, 123, 124}, 1.0, 0.42287516259227353) ({51, 95}, 1.0, 0.42287516259227353) ({4, 106, 43, 114, 247, 122}, 1.0, 0.42287516259227353) ({256, 14, 142, 16, 270, 153, 155, 159, 32, 35, 296, 42, 59, 60, 61, 68, 76, 77, 209, 217, 94, 101, 235, 238, 113, 242, 118, 121, 250}, 1.0, 0.42287516259227353) ({161, 110, 273, 210, 212, 86, 55, 281, 282}, 1.0, 0.42287516259227353) ({128, 257, 3, 259, 6, 138, 11, 27, 286, 30, 31, 290, 41, 44, 302, 175, 188, 194, 67, 197, 70, 72, 73, 202, 84, 228, 230, 233, 234, 246, 249}, 1.0, 0.42287516259227353) ({225, 299, 203, 205, 141, 18, 116, 89, 285, 189}, 1.0, 0.42287516259227353) ({258, 263, 137, 266, 272, 20, 279, 28, 291, 40, 298, 45, 304, 176, 310, 183, 54, 69, 199, 200, 75, 204, 207, 80, 213, 218, 92, 224, 226, 100, 102, 241, 252, 253}, 1.0, 0.42287516259227353) ({139, 12, 17, 149, 277, 283, 156, 34, 164, 165, 38, 167, 174, 305, 71, 78, 208, 82, 85, 215, 103, 251, 125}, 1.0, 0.42287516259227353) ({130, 227, 2, 37, 292, 144, 211, 56}, 1.0, 0.42287516259227353) ({93, 66, 131, 293, 133, 7, 267, 181, 311, 152, 284, 157, 190, 127}, 1.0, 0.42287516259227353) ({8, 10, 146, 24, 26, 163, 36, 166, 170, 171, 301, 303, 52, 182, 312, 187, 192, 196, 198, 214, 104, 112, 240, 115, 243, 117}, 1.0, 0.42287516259227353)

({128, 257, 258, 133, 7, 267, 142, 20, 279, 281, 287, 161, 293, 175, 176, 311, 194, 67, 197, 80, 86, 93, 221, 95, 226, 238}, 1.0, 0.42287516259227353) ({65, 134, 299, 203, 242, 18, 217}, 1.0, 0.42287516259227353) ({129, 202, 73, 145, 119}, 1.0, 0.42287516259227353) ({195, 165, 264, 168, 234, 138, 79, 148, 278, 150, 312, 124}, 1.0, 0.42287516259227353) ({132, 4, 196, 103, 170, 172, 13, 78, 47, 268, 303, 240, 307, 212, 309, 117, 214, 186, 220, 63}, 1.0, 0.42287516259227353) ({96, 100, 263, 9, 75, 177, 115, 308, 213, 182, 310, 120, 54, 218, 223}, 1.0, 0.42287516259227353) ({284}, 1.0, 0.42287516259227353) ({33, 262, 237, 174, 81, 149, 22, 215, 58, 251}, 1.0, 0.42287516259227353) ({0, 255, 130, 274, 29, 158, 35, 167, 295, 44, 305, 185, 70, 71, 208, 210, 82, 83, 211, 90, 219, 97, 99, 227, 110, 123, 125, 254, 126}, 1.0, 0.42287516259227353) ({256, 5, 266, 12, 271, 143, 273, 272, 282, 155, 283, 156, 159, 160, 291, 297, 45, 46, 51, 55, 69, 77, 92, 94, 241, 245}, 1.0, 0.42287516259227353) ({64, 225, 2, 260, 292, 8, 141, 144, 275, 52, 21, 116, 87, 184, 88, 26, 157, 285, 189}, 1.0, 0.42287516259227353) ({6, 139, 14, 270, 17, 277, 30, 286, 38, 296, 42, 57, 59, 60, 193, 68, 200, 205, 224, 228, 230, 109, 118}, 1.0, 0.42287516259227353) ({3, 72, 40, 298, 137, 169, 181, 27, 252}, 1.0, 0.42287516259227353) ({131, 10, 11, 16, 23, 152, 153, 154, 280, 24, 289, 163, 36, 166, 301, 302, 48, 178, 50, 179, 313, 62, 190, 192, 74, 206, 84, 85, 222, 108, 113, 243, 249, 127}, 1.0, 0.42287516259227353) ({56}, 1.0, 0.42287516259227353) ({37, 102, 199, 140, 114, 180, 244, 246, 25, 250, 28}, 1.0, 0.42287516259227353) ({162, 294, 265, 107, 204, 236, 15, 147, 216, 89, 248, 91}, 1.0, 0.42287516259227353) ({32, 288, 98, 259, 261, 198, 201, 106, 43, 41, 239, 112, 306, 19, 53, 122, 314, 31}, 1.0, 0.42287516259227353) ({34, 164, 101, 136, 233, 104, 235, 76, 171, 173, 269, 304, 300, 146, 121, 188, 253, 61, 191}, 1.0, 0.42287516259227353)

({290, 66, 131, 230, 72, 205, 175, 52, 152, 26, 284, 127}, 1.0, 0.42287516259227353) ({258, 259, 260, 138, 20, 22, 29, 31, 288, 34, 41, 48, 314, 196, 74, 78, 80, 96, 103, 234, 120, 249, 126}, 1.0, 0.42287516259227353) ({164, 5, 70, 167, 139, 44, 51, 84, 277, 215, 125, 95}, 1.0, 0.42287516259227353) ({129, 291, 105, 235, 15, 207}, 1.0, 0.42287516259227353) ({32, 33, 224, 68, 262, 200, 40, 298, 137, 236, 237, 81, 252}, 1.0, 0.42287516259227353) ({264, 168, 265, 79, 85, 184}, 1.0, 0.42287516259227353) ({163, 36, 293, 11, 267, 302, 50, 178, 312, 251}, 1.0, 0.42287516259227353) ({254, 65, 190, 132, 201, 42, 108, 109, 206, 111, 239, 306, 179, 19, 53, 83, 280, 58, 154, 62, 158}, 1.0, 0.42287516259227353) ({257, 1, 3, 261, 272, 273, 148, 149, 150, 153, 282, 27, 156, 37, 165, 45, 174, 55, 195, 86, 217, 92, 98, 231, 113, 242, 124, 255}, 1.0, 0.42287516259227353) ({160, 287, 219, 295}, 1.0, 0.42287516259227353) ({133, 7, 296, 136, 8, 171, 104, 270, 142, 238, 176, 146, 117, 214, 60, 93, 157}, 1.0, 0.42287516259227353) ({64, 286, 228, 38, 6, 233, 202, 13, 303, 304, 208, 82, 307, 240, 59, 188, 30, 63}, 1.0, 0.42287516259227353) ({256, 128, 194, 67, 162, 197, 229, 294, 107, 147, 180, 248, 216, 221, 253, 159}, 1.0, 0.42287516259227353) ({226, 4, 39, 268, 172, 140, 209, 276, 244, 310, 213, 182, 25, 183, 54}, 1.0, 0.42287516259227353) ({2, 292, 263, 141, 144, 177, 275, 212, 116, 308, 279, 56, 218, 223}, 1.0, 0.42287516259227353) ({198, 232, 10, 77, 112, 49, 243, 21, 278, 23, 24, 313, 87, 155, 94}, 1.0, 0.42287516259227353) ({0, 97, 99, 266, 204, 47, 241, 274, 305, 246, 283, 123, 28}, 1.0, 0.42287516259227353) ({227, 297, 46, 271, 143, 211, 245}, 1.0, 0.42287516259227353) ({18, 299, 118}, 1.0, 0.42287516259227353) ({134, 135, 9, 269, 145, 285, 161, 166, 169, 43, 300, 173, 301, 181, 309, 185, 186, 187, 57, 61, 189, 191, 192, 193, 69, 199, 73, 75, 76, 90, 220, 225, 100, 101, 102, 106, 110, 115, 247, 119, 121, 122}, 1.0, 0.42287516259227353)

({64, 196, 170, 76, 300, 206, 240, 145, 82, 119, 121}, 1.0, 0.42287516259227353) ({66, 131, 9, 77, 110, 111, 301, 49, 210, 115, 212, 278, 247, 155, 284, 187, 94}, 1.0, 0.42287516259227353) ({256, 159, 101, 102, 199, 69, 235, 173, 114, 191}, 1.0, 0.42287516259227353) ({291, 39, 266, 241, 277, 251, 156}, 1.0, 0.42287516259227353) ({2, 260, 133, 136, 264, 8, 144, 21, 151, 157, 285, 290, 292, 168, 169, 176, 307, 54, 183, 58, 189, 72, 75, 214, 87, 225, 226, 100, 104, 117}, 1.0, 0.42287516259227353) ({193, 197, 12, 79, 180, 309, 118, 57, 186, 283, 220, 221}, 1.0, 0.42287516259227353) ({32, 289, 195, 37, 198, 165, 209, 50, 243, 148, 150, 24, 124, 253, 222, 255}, 1.0, 0.42287516259227353) ({99, 70, 44, 13, 47, 123}, 1.0, 0.42287516259227353) ({128, 194, 67, 34, 258, 45, 272, 273, 80, 83, 20, 181, 55, 282, 92, 158, 254}, 1.0, 0.42287516259227353) ({263, 10, 138, 26, 164, 177, 52, 308, 310, 182, 56, 190, 78, 85, 213, 218, 223, 96, 103, 234, 120, 249, 127}, 1.0, 0.42287516259227353) ({65, 257, 295, 297, 140, 46, 143, 271, 244, 245, 86, 279, 281, 25, 91, 219, 287}, 1.0, 0.42287516259227353) ({129, 1, 130, 3, 261, 134, 135, 7, 259, 15, 27, 31, 288, 161, 294, 41, 311, 314, 63, 211, 89, 93, 98, 227, 105}, 1.0, 0.42287516259227353) ({74, 207, 48, 178, 22, 185, 90, 29, 126}, 1.0, 0.42287516259227353) ({192, 163, 36, 166, 296, 270, 238, 142, 146, 60}, 1.0, 0.42287516259227353) ({162, 38, 265, 107, 175, 147, 312, 216, 248}, 1.0, 0.42287516259227353) ({0, 97, 5, 229, 167, 71, 233, 202, 203, 18, 274, 276, 51, 246, 250, 188, 125, 95}, 1.0, 0.42287516259227353) ({4, 137, 268, 141, 275, 28, 35, 40, 298, 172, 304, 305, 184, 59, 68, 200, 204, 208, 88, 224, 116, 252}, 1.0, 0.42287516259227353) ({228, 293, 6, 43, 267, 122, 61, 30}, 1.0, 0.42287516259227353) ({132, 201, 11, 109, 302, 174, 239, 16, 306, 19, 84, 53, 149, 23, 215, 313, 242, 217, 113, 153, 286}, 1.0, 0.42287516259227353) ({33, 262, 236, 237, 81, 179, 62}, 1.0, 0.42287516259227353)

