({40, 37, 38, 15}, 1.0, 0.48896172338988386) ({32, 33, 34, 7, 12, 52, 53, 54, 21, 31}, 1.0, 0.48896172338988386) ({2, 10, 45, 46}, 1.0, 0.48896172338988386) ({24, 43, 61, 62}, 1.0, 0.48896172338988386) ({6}, 1.0, 0.48896172338988386) ({17, 3, 4, 20}, 1.0, 0.48896172338988386) ({0, 30}, 1.0, 0.48896172338988386) ({35, 36, 8, 13, 16, 22, 55, 57, 58}, 1.0, 0.48896172338988386) ({11, 47, 48, 49, 25, 26, 29}, 1.0, 0.48896172338988386) ({5, 41, 42, 9, 23, 27, 60, 28}, 0.9642857142857143, 0.47149880469738803)

({8, 36}, 1.0, 0.48896172338988386) ({0, 17, 23, 24, 29, 30}, 1.0, 0.48896172338988386) ({41, 42, 15, 26, 60, 28}, 1.0, 0.48896172338988386) ({37, 38, 14, 51, 52, 20, 61}, 1.0, 0.48896172338988386) ({56, 57, 2, 58, 13}, 1.0, 0.48896172338988386) ({6, 10, 43, 44, 46, 18}, 1.0, 0.48896172338988386) ({4, 49, 19, 21, 22, 25}, 1.0, 0.48896172338988386) ({1, 34, 33}, 1.0, 0.48896172338988386) ({3, 39, 40, 9, 11, 48, 16}, 0.96551724137931039, 0.47210097430747411) ({27, 12, 53, 54, 31}, 0.80000000000000004, 0.3911693787119071)

({32, 33, 7, 14, 49, 50, 17, 18, 59, 60, 31}, 1.0, 0.48896172338988386) ({2, 11, 47, 48, 20, 22, 26}, 1.0, 0.48896172338988386) ({19}, 1.0, 0.48896172338988386) ({36, 29}, 1.0, 0.48896172338988386) ({24, 57, 58, 25, 61, 62}, 1.0, 0.48896172338988386) ({0, 3, 5, 6, 41, 42, 45, 46, 55, 23, 30}, 1.0, 0.48896172338988386) ({43, 12, 44, 15, 16, 51, 53, 54, 27, 28}, 1.0, 0.48896172338988386) ({1, 10, 9, 39}, 1.0, 0.48896172338988386) ({8, 21, 38}, 1.0, 0.48896172338988386)

({8, 54}, 1.0, 0.48896172338988386) ({0, 24, 5, 30, 23}, 1.0, 0.48896172338988386) ({10, 43, 44, 45, 14}, 1.0, 0.48896172338988386) ({33, 7, 12, 51, 52, 22}, 1.0, 0.48896172338988386) ({18}, 1.0, 0.48896172338988386) ({35, 36, 13, 55, 57, 58, 61, 29, 62}, 1.0, 0.48896172338988386) ({2, 11, 47, 48, 49, 50, 21, 59}, 1.0, 0.48896172338988386) ({1, 37, 38, 39, 40, 9, 42}, 0.96296296296296291, 0.47085202993099923) ({4, 19, 20, 25, 27, 28, 31}, 0.94736842105263153, 0.46322689584304783) ({16, 3, 15}, 0.91666666666666663, 0.44821491310739353)

({24, 34, 27, 23}, 1.0, 0.48896172338988386) ({32, 35, 36, 7, 8, 53, 54, 29, 31}, 1.0, 0.48896172338988386) ({59, 28}, 1.0, 0.48896172338988386) ({19}, 1.0, 0.48896172338988386) ({40, 41, 9, 21, 39}, 1.0, 0.48896172338988386) ({62, 22}, 1.0, 0.48896172338988386) ({6, 10, 43, 44, 45, 46, 49, 50, 18, 25, 30}, 1.0, 0.48896172338988386) ({17, 5}, 1.0, 0.48896172338988386) ({2, 37, 12, 13, 14, 51, 52, 55, 56, 57, 58}, 0.94999999999999996, 0.46451363722038963) ({0, 3, 4, 15, 48, 16}, 0.94117647058823528, 0.46019926907283187)

({17, 52, 12}, 1.0, 0.48896172338988386) ({0, 24, 22}, 1.0, 0.48896172338988386) ({33, 34, 37, 6, 38, 11, 47, 48, 21}, 1.0, 0.48896172338988386) ({18, 4}, 1.0, 0.48896172338988386) ({16, 26}, 1.0, 0.48896172338988386) ({29}, 1.0, 0.48896172338988386) ({35, 19, 45, 46, 30}, 1.0, 0.48896172338988386) ({32, 2, 7, 13, 14, 49, 50, 53, 54, 55, 56, 57, 59, 60, 31}, 0.95999999999999996, 0.46940325445428849) ({40, 1, 42, 9, 39}, 0.9285714285714286, 0.4540358860048922) ({5, 10, 43, 44, 25, 27, 28, 62}, 0.91666666666666663, 0.44821491310739353)

({57, 58, 13, 55}, 1.0, 0.48896172338988386) ({33, 34, 38, 30}, 1.0, 0.48896172338988386) ({39, 41, 42, 9, 25, 26}, 1.0, 0.48896172338988386) ({4, 6, 12, 19, 52, 53, 54, 20, 27, 28}, 1.0, 0.48896172338988386) ({0, 3, 5, 17, 18, 21, 22, 23, 24}, 1.0, 0.48896172338988386) ({32, 7, 8, 14, 61, 62}, 1.0, 0.48896172338988386) ({48, 16, 29}, 1.0, 0.48896172338988386) ({2, 36, 11, 49, 50, 59, 60}, 1.0, 0.48896172338988386) ({1, 10, 43, 44, 45}, 1.0, 0.48896172338988386)

({19}, 1.0, 0.48896172338988386) ({2, 41, 42, 11, 14, 47, 49, 50, 21}, 1.0, 0.48896172338988386) ({35, 36, 10, 45, 13, 16, 57, 58}, 1.0, 0.48896172338988386) ({56, 59, 60}, 1.0, 0.48896172338988386) ({12, 54, 23}, 1.0, 0.48896172338988386) ({43, 20}, 1.0, 0.48896172338988386) ({15, 51, 37, 38, 30}, 1.0, 0.48896172338988386) ({32, 1, 34, 33, 7, 28, 31}, 1.0, 0.48896172338988386) ({0, 3, 5, 6, 17, 22, 24, 25, 26, 27, 29}, 1.0, 0.48896172338988386) ({40, 9, 18, 62, 39}, 1.0, 0.48896172338988386)

({33, 7, 11, 45, 46, 47, 48, 49, 50, 19, 25}, 1.0, 0.48896172338988386) ({35}, 1.0, 0.48896172338988386) ({17, 26}, 1.0, 0.48896172338988386) ({30, 29, 6, 31}, 1.0, 0.48896172338988386) ({18, 53}, 1.0, 0.48896172338988386) ({15, 16, 51, 52, 55, 56, 24, 58, 23}, 1.0, 0.48896172338988386) ({10, 27}, 1.0, 0.48896172338988386) ({1, 37, 38, 40, 8, 43, 44, 61, 62}, 0.96666666666666667, 0.47266299927688771) ({0, 20, 4, 21, 22}, 0.91666666666666663, 0.44821491310739353) ({2, 9, 41, 12, 13, 14, 59, 60}, 0.8666666666666667, 0.42376682693789935)

({25, 18, 26, 14}, 1.0, 0.48896172338988386) ({51, 30, 15}, 1.0, 0.48896172338988386) ({40, 61, 62}, 1.0, 0.48896172338988386) ({3, 27, 21, 6, 22}, 1.0, 0.48896172338988386) ({5, 13, 55, 56, 57, 24, 23}, 1.0, 0.48896172338988386) ({4, 20}, 1.0, 0.48896172338988386) ({35, 36, 8, 9, 42, 16, 29}, 0.96551724137931039, 0.47210097430747411) ({37, 38, 11, 47, 59, 60}, 0.95652173913043481, 0.46770251802510632) ({32, 1, 2, 33, 34, 7, 10, 43, 44, 45, 46, 12, 49, 53, 54, 28, 31}, 0.95454545454545459, 0.46673619050852549)

